Index	Compounds	物质	Class II	omt.counts	CK0_1	CK0_2	CK0_3	GCP1_1	GCP1_2	GCP1_3	GCP2_1	GCP2_2	GCP2_3	GCP3_1	GCP3_2	GCP3_3	GCP4_1	GCP4_2	GCP4_3	GCP5_1	GCP5_2	GCP5_3	GCP6_1	GCP6_2	GCP6_3	GCP8_1	GCP8_2	GCP8_3	GCP11_1	GCP11_2	GCP11_3	GCP16_1	GCP16_2	GCP16_3	GCP18_1	GCP18_2	GCP18_3	GCP19_1	GCP19_2	GCP19_3
mws0049	Gallocatechin	没食子儿茶素	Flavanols	3	9.00E+00	9.00E+00	9.00E+00	9.00E+00	9.00E+00	9.00E+00	7.22E+03	1.11E+04	5.82E+03	2.99E+04	3.22E+04	2.75E+04	1.87E+04	3.79E+04	3.87E+04	1.04E+04	1.20E+04	8.67E+03	2.10E+04	2.40E+04	1.80E+04	5.73E+03	5.25E+03	3.06E+03	1.63E+03	9.00E+00	3.26E+03	3.42E+03	4.01E+03	2.49E+03	3.29E+03	3.66E+03	2.92E+03	4.45E+03	4.19E+03	4.32E+03
pmp000106	5,7,4'-Trimethoxyflavone	5,7,4'-三甲氧基黄酮	Flavonoid	3	1.51E+07	1.47E+07	1.49E+07	1.71E+07	1.43E+07	1.37E+07	1.98E+07	1.51E+07	1.57E+07	1.59E+07	1.69E+07	1.49E+07	1.44E+07	1.47E+07	1.19E+07	1.44E+07	1.51E+07	1.37E+07	2.23E+07	2.16E+07	2.30E+07	2.01E+07	1.86E+07	1.90E+07	1.47E+07	1.38E+07	1.56E+07	1.20E+07	1.14E+07	1.37E+07	1.95E+07	2.00E+07	1.91E+07	1.61E+07	1.07E+07	1.34E+07
Lmsp009300	5,6-Dihydroxy-7,4'-dimethoxyflavone (Ladanein)	5,6-二羟基-7,4'-二甲氧基黄酮	Flavonoid	2	2.66E+04	3.04E+04	2.85E+04	2.99E+04	3.18E+04	3.32E+04	5.64E+04	3.79E+04	3.86E+04	3.99E+04	4.08E+04	3.90E+04	5.08E+04	5.18E+04	3.56E+04	6.80E+04	7.24E+04	6.37E+04	6.18E+04	6.57E+04	5.80E+04	4.67E+04	4.38E+04	3.90E+04	3.61E+04	3.54E+04	3.68E+04	4.28E+04	4.69E+04	6.85E+04	4.48E+04	4.64E+04	4.32E+04	4.72E+04	5.02E+04	4.87E+04
Lmsp008392	4',5-Dihydroxy-3',5'-dimethoxyflavone	4',5-二羟基-3',5'-二甲氧基黄酮	Flavonoid	2	3.49E+04	1.57E+04	2.53E+04	3.21E+05	2.98E+05	2.74E+05	2.90E+06	2.05E+06	1.40E+06	3.89E+05	5.01E+05	2.78E+05	1.42E+05	1.71E+05	2.82E+05	3.50E+05	3.35E+05	3.64E+05	2.88E+05	1.69E+05	4.06E+05	1.46E+06	1.01E+06	1.47E+06	1.30E+05	7.07E+04	1.90E+05	3.18E+05	4.46E+05	5.31E+05	9.74E+05	1.07E+06	8.76E+05	1.05E+06	6.02E+05	8.26E+05
mws0066	Isorhamnetin	异鼠李素	Flavonols	2	6.47E+04	3.22E+04	4.85E+04	3.61E+05	1.96E+05	1.23E+05	2.80E+06	2.17E+06	1.63E+06	2.13E+05	2.45E+05	1.81E+05	1.70E+05	3.32E+05	3.27E+05	4.18E+05	3.20E+05	5.15E+05	3.81E+05	2.66E+05	4.96E+05	1.72E+06	1.34E+06	2.02E+06	2.66E+05	2.41E+05	2.92E+05	4.09E+05	4.97E+05	6.05E+05	3.61E+05	4.69E+05	2.54E+05	7.14E+05	6.99E+05	7.07E+05
Lmsp009013	4',6-Dihydroxy-5,7-dimethoxyflavanone	4',6-二羟基-5,7-二甲氧基黄烷酮	Dihydroflavone	2	3.24E+05	3.52E+05	3.38E+05	3.18E+05	2.57E+05	2.83E+05	1.84E+05	2.29E+05	3.41E+05	5.21E+05	4.23E+05	6.20E+05	3.88E+05	9.43E+05	5.06E+05	1.15E+06	7.85E+05	1.52E+06	2.89E+05	3.15E+05	2.62E+05	2.89E+05	2.91E+05	2.12E+05	1.58E+05	1.79E+05	1.36E+05	2.31E+05	3.14E+05	3.89E+05	2.57E+05	2.29E+05	2.84E+05	3.81E+05	6.52E+05	5.17E+05
Lmsp011263	6-Hydroxy-5,7,4'-trimethoxyflavone	6-羟基-5,7,4'-三甲氧基黄酮	Flavonoid	3	1.99E+06	2.11E+06	2.05E+06	2.54E+06	2.39E+06	2.40E+06	4.26E+06	3.49E+06	2.85E+06	2.56E+06	2.72E+06	2.39E+06	2.81E+06	2.59E+06	1.90E+06	2.23E+06	2.26E+06	2.19E+06	4.02E+06	3.87E+06	4.16E+06	3.74E+06	3.39E+06	3.82E+06	2.82E+06	2.69E+06	2.95E+06	2.17E+06	2.15E+06	2.57E+06	3.42E+06	3.71E+06	3.13E+06	3.16E+06	1.98E+06	2.57E+06
Lmsp008264	4'-Hydroxy-5,6,7-trimethoxyflavone	4'-羟基-5,6,7-三甲氧基黄酮	Flavonoid	3	5.08E+05	5.28E+05	5.18E+05	5.59E+05	5.27E+05	6.06E+05	4.75E+05	4.61E+05	4.70E+05	6.06E+05	5.92E+05	6.20E+05	8.84E+05	8.00E+05	5.80E+05	5.59E+05	6.85E+05	4.32E+05	7.10E+05	7.08E+05	7.11E+05	6.02E+05	6.67E+05	5.26E+05	6.26E+05	6.57E+05	5.96E+05	9.83E+05	9.48E+05	9.92E+05	6.40E+05	6.29E+05	6.51E+05	8.63E+05	8.54E+05	8.59E+05
Hmxp006108	3-Hydroxy-5,7,8-trimethoxyflavone	3-羟基-5,7,8-三甲氧基黄酮	Flavonoid	3	2.39E+07	2.43E+07	2.41E+07	1.49E+07	1.37E+07	1.39E+07	6.25E+06	8.40E+06	6.43E+06	1.37E+07	1.30E+07	1.44E+07	1.40E+07	2.22E+07	1.83E+07	1.74E+07	1.43E+07	2.05E+07	1.37E+07	1.26E+07	1.47E+07	1.29E+07	1.39E+07	1.17E+07	1.64E+07	1.74E+07	1.54E+07	1.03E+07	1.10E+07	1.08E+07	4.65E+06	5.89E+06	3.40E+06	1.25E+07	8.89E+06	1.07E+07
Lmjp007790	5-Hydroxy-3,7,4'-trimethoxyflavone	5-羟基-3,7,4'-三甲氧基黄酮	Flavonoid	3	1.33E+04	1.08E+04	1.21E+04	8.22E+04	5.28E+04	5.04E+04	4.63E+05	1.97E+05	1.87E+05	9.79E+04	1.38E+05	5.78E+04	5.71E+04	4.68E+04	2.94E+04	7.08E+04	8.66E+04	5.50E+04	2.15E+05	1.34E+05	2.96E+05	3.17E+05	1.52E+05	1.85E+05	7.12E+04	4.33E+04	9.90E+04	5.65E+04	5.97E+04	1.07E+05	2.22E+05	2.53E+05	1.91E+05	2.17E+05	5.95E+04	1.38E+05
Hmxp006586	5-Hydroxy-7,3’,4’-trimethoxyflavone	5-羟基-7,3',4'-三甲氧基黄酮	Flavonoid	3	6.47E+05	5.88E+05	6.17E+05	1.01E+06	1.09E+06	1.32E+06	1.02E+06	6.90E+05	2.51E+06	1.99E+06	1.57E+06	2.42E+06	2.13E+06	2.94E+06	2.03E+06	2.26E+06	2.27E+06	2.24E+06	3.23E+06	2.95E+06	3.51E+06	3.42E+06	3.91E+06	2.17E+06	4.67E+06	5.14E+06	4.21E+06	5.37E+06	6.47E+06	6.06E+06	4.61E+06	4.02E+06	5.21E+06	5.61E+06	8.20E+06	6.90E+06
Lmzp004885	Tricin (5,7,4'-Trihydroxy-3',5'-dimethoxyflavone)	苜蓿素(麦黄酮)	Flavonoid	2	4.80E+04	3.36E+04	4.08E+04	2.69E+04	2.53E+04	4.05E+04	1.18E+05	9.68E+04	9.43E+04	3.34E+04	2.77E+04	3.90E+04	4.73E+04	3.52E+04	2.84E+04	1.27E+05	2.05E+05	4.96E+04	9.03E+04	8.09E+04	9.97E+04	3.82E+05	2.24E+05	2.88E+05	7.63E+04	7.62E+04	7.64E+04	1.03E+05	1.60E+05	2.02E+05	2.32E+05	2.62E+05	2.02E+05	3.03E+05	3.20E+05	3.11E+05
Lmsp011053	7-Hydroxy-2',5,8-Trimethoxyflavanone	7-羟基-2',5,8-三甲氧基黄烷酮	Dihydroflavone	3	2.61E+06	2.67E+06	2.64E+06	1.97E+06	1.63E+06	1.53E+06	2.05E+06	2.75E+06	2.19E+06	2.62E+06	2.38E+06	2.87E+06	2.52E+06	3.38E+06	2.25E+06	2.98E+06	2.66E+06	3.29E+06	3.50E+06	3.51E+06	3.48E+06	3.19E+06	3.35E+06	2.62E+06	2.92E+06	3.24E+06	2.60E+06	2.58E+06	2.39E+06	2.53E+06	2.78E+06	2.64E+06	2.91E+06	2.42E+06	2.23E+06	2.32E+06
pmp000109	5,7,8,4'-Tetramethoxyflavone	5,7,8,4'-四甲氧基黄酮	Flavonoid	4	1.97E+07	2.09E+07	2.03E+07	2.04E+07	1.89E+07	1.92E+07	1.84E+07	2.00E+07	1.81E+07	2.29E+07	2.26E+07	2.31E+07	2.35E+07	2.48E+07	2.25E+07	2.23E+07	2.23E+07	2.23E+07	2.72E+07	2.77E+07	2.68E+07	2.26E+07	2.24E+07	2.22E+07	2.15E+07	2.15E+07	2.14E+07	2.00E+07	2.04E+07	2.10E+07	2.53E+07	2.45E+07	2.61E+07	1.91E+07	1.86E+07	1.89E+07
Lmcp007240	5,6,7,4'-Tetramethoxyflavone	5,6,7,4'-四甲氧基黄酮	Flavonoid	4	4.27E+06	4.35E+06	4.31E+06	4.27E+06	3.81E+06	3.90E+06	3.86E+06	4.02E+06	3.71E+06	4.62E+06	4.42E+06	4.81E+06	4.73E+06	5.12E+06	4.31E+06	4.35E+06	4.33E+06	4.36E+06	5.48E+06	5.49E+06	5.47E+06	4.19E+06	4.49E+06	4.25E+06	4.07E+06	4.03E+06	4.12E+06	3.88E+06	3.89E+06	4.23E+06	5.12E+06	4.98E+06	5.26E+06	3.74E+06	3.40E+06	3.57E+06
Lmsp009872	5,7,3',4'-Tetramethoxyflavone	5,7,3',4'-四甲氧基黄酮	Flavonoid	4	2.24E+07	2.37E+07	2.31E+07	2.48E+07	2.46E+07	2.47E+07	1.80E+07	2.20E+07	2.13E+07	2.38E+07	2.26E+07	2.51E+07	2.67E+07	2.49E+07	2.45E+07	2.43E+07	2.28E+07	2.58E+07	3.01E+07	3.08E+07	2.94E+07	2.12E+07	2.24E+07	2.03E+07	2.33E+07	2.37E+07	2.30E+07	2.10E+07	2.23E+07	2.17E+07	2.47E+07	2.40E+07	2.53E+07	2.17E+07	2.09E+07	2.13E+07
Zmlp007578	3,3',4-O-Trimethylellagic acid	3,3',4-O-三甲基鞣花酸	Tannin	3	1.21E+05	1.24E+05	1.22E+05	1.33E+05	1.17E+05	1.21E+05	1.27E+05	1.19E+05	1.19E+05	1.33E+05	1.33E+05	1.33E+05	1.38E+05	1.56E+05	1.29E+05	1.33E+05	1.38E+05	1.29E+05	1.68E+05	1.75E+05	1.61E+05	1.32E+05	1.50E+05	1.36E+05	1.21E+05	1.15E+05	1.27E+05	1.10E+05	1.17E+05	1.26E+05	1.55E+05	1.52E+05	1.58E+05	1.13E+05	9.74E+04	1.05E+05
mws1474	5,7-Dihydroxy-3',4',5'-trimethoxyflavone	5,7-二羟基-3',4',5'-三甲氧基黄酮	Flavonoid	3	6.22E+06	6.88E+06	6.55E+06	1.02E+07	9.12E+06	1.02E+07	1.93E+07	1.37E+07	1.52E+07	1.52E+07	1.43E+07	1.61E+07	1.35E+07	1.62E+07	1.34E+07	1.94E+07	2.23E+07	1.66E+07	1.32E+07	1.35E+07	1.28E+07	2.04E+07	1.88E+07	2.17E+07	1.02E+07	1.04E+07	9.98E+06	1.67E+07	1.64E+07	2.26E+07	1.87E+07	1.93E+07	1.82E+07	1.93E+07	2.01E+07	1.97E+07
HJAP058	5,6,7,4'-Tetramethoxyflavanone	5,6,7,4'-四甲氧基黄烷酮	Flavonoid	4	3.89E+05	3.82E+05	3.86E+05	4.42E+05	4.43E+05	5.02E+05	6.64E+05	6.67E+05	6.60E+05	6.83E+05	6.80E+05	6.86E+05	9.48E+05	1.49E+06	8.40E+05	1.35E+06	1.30E+06	1.40E+06	8.32E+05	9.11E+05	7.53E+05	7.98E+05	7.35E+05	7.34E+05	5.53E+05	5.59E+05	5.47E+05	8.46E+05	1.09E+06	1.06E+06	7.29E+05	7.26E+05	7.32E+05	1.59E+06	1.32E+06	1.46E+06
Lmsp009245	3',5-Dihydroxy-4',6,7-Trimethoxyflavanone	3',5-二羟基-4',6,7-三甲氧基黄烷酮	Dihydroflavone	3	1.18E+07	1.28E+07	1.23E+07	1.26E+07	1.23E+07	1.29E+07	1.82E+07	1.60E+07	1.54E+07	2.21E+07	2.13E+07	2.29E+07	1.04E+07	2.01E+07	1.79E+07	2.00E+07	1.78E+07	2.21E+07	1.25E+07	1.31E+07	1.20E+07	2.04E+07	1.87E+07	1.69E+07	1.01E+07	1.05E+07	9.79E+06	1.54E+07	1.47E+07	1.76E+07	1.55E+07	1.52E+07	1.59E+07	1.25E+07	1.50E+07	1.37E+07
pmp000110	7-Hydroxy-3,5,6,8-tetramethoxyflavone	7-羟基-3,5,6,8-四甲氧基黄酮	Flavonoid	4	7.60E+06	8.04E+06	7.82E+06	7.34E+06	7.16E+06	7.94E+06	9.98E+06	9.26E+06	8.14E+06	9.51E+06	9.29E+06	9.73E+06	8.18E+06	8.81E+06	8.90E+06	9.15E+06	9.66E+06	8.63E+06	9.24E+06	9.30E+06	9.19E+06	1.06E+07	1.06E+07	1.13E+07	8.37E+06	8.09E+06	8.64E+06	6.88E+06	6.98E+06	8.49E+06	1.02E+07	1.01E+07	1.03E+07	9.10E+06	8.49E+06	8.79E+06
pmp000008	5-Hydroxy-6,7,3',4'-tetramethoxyflavone	5-羟基-6,7,3',4'-四甲氧基黄酮	Flavonoid	4	1.46E+06	1.57E+06	1.51E+06	1.47E+06	1.63E+06	2.02E+06	3.90E+06	2.76E+06	2.67E+06	2.78E+06	2.87E+06	2.69E+06	2.66E+06	2.73E+06	2.72E+06	2.40E+06	2.85E+06	1.94E+06	2.01E+06	2.10E+06	1.92E+06	3.49E+06	3.11E+06	3.47E+06	1.95E+06	2.00E+06	1.89E+06	2.14E+06	2.28E+06	2.68E+06	2.85E+06	3.04E+06	2.66E+06	2.96E+06	2.68E+06	2.82E+06
Zmjp010694	5-Hydroxy-3,7,3',4'-tetramethoxyflavone (Retusin)	5-羟基-3,7,3',4'-四甲氧基黄酮	Flavonoid	4	1.76E+07	1.85E+07	1.81E+07	1.76E+07	1.69E+07	1.73E+07	5.27E+07	4.16E+07	4.20E+07	2.88E+07	3.26E+07	2.50E+07	2.35E+07	2.50E+07	1.89E+07	2.49E+07	2.59E+07	2.38E+07	3.54E+07	3.19E+07	3.90E+07	4.41E+07	3.73E+07	4.78E+07	3.19E+07	2.66E+07	3.72E+07	2.30E+07	2.46E+07	2.85E+07	3.57E+07	3.76E+07	3.38E+07	4.10E+07	2.37E+07	3.23E+07
Lmxn007955	Sudachitin	5,7,4'-三羟基-6,8,3'-三甲氧基黄酮	Flavonoid	3	2.21E+06	2.62E+06	2.41E+06	2.34E+06	2.11E+06	2.26E+06	1.95E+06	1.88E+06	2.17E+06	5.65E+06	4.71E+06	6.60E+06	5.55E+06	8.19E+06	4.56E+06	4.65E+06	5.88E+06	3.41E+06	8.57E+06	9.03E+06	8.12E+06	9.24E+06	8.11E+06	7.09E+06	1.24E+07	1.13E+07	1.36E+07	1.01E+07	9.52E+06	1.16E+07	5.59E+06	5.81E+06	5.37E+06	1.08E+07	7.68E+06	9.22E+06
Lmxn007456	Acerosin	5,7,3'-三羟基-6,8,4'-三甲氧基黄酮	Flavonoid	3	3.92E+05	3.38E+05	3.65E+05	4.33E+05	3.56E+05	3.51E+05	4.25E+05	3.88E+05	5.57E+05	3.43E+05	3.27E+05	3.58E+05	4.68E+05	6.31E+05	4.02E+05	1.51E+06	1.45E+06	1.58E+06	1.27E+06	1.18E+06	1.37E+06	2.60E+06	2.54E+06	2.50E+06	1.98E+06	1.79E+06	2.17E+06	2.79E+06	2.71E+06	2.48E+06	1.37E+06	1.33E+06	1.41E+06	3.50E+06	1.99E+06	2.74E+06
Lmsp010098	5-Hydroxy-6,7,3',4'-tetramethoxyflavanone	5-羟基-6,7,3',4'-四甲氧基黄烷酮	Dihydroflavone	4	1.70E+06	1.70E+06	1.70E+06	1.53E+06	1.50E+06	1.40E+06	1.94E+06	1.88E+06	1.97E+06	2.61E+06	2.59E+06	2.63E+06	1.39E+06	2.36E+06	1.98E+06	2.12E+06	2.05E+06	2.18E+06	1.79E+06	1.74E+06	1.84E+06	2.67E+06	2.55E+06	2.24E+06	1.72E+06	1.82E+06	1.63E+06	1.61E+06	1.59E+06	1.72E+06	2.01E+06	1.92E+06	2.10E+06	1.55E+06	1.58E+06	1.56E+06
pmp001076	Isosinensetin	异甜橙黄酮	Flavonoid	5	1.71E+06	1.68E+06	1.70E+06	2.07E+06	1.80E+06	1.68E+06	2.87E+06	2.76E+06	2.51E+06	2.55E+06	2.70E+06	2.40E+06	2.08E+06	2.39E+06	2.32E+06	2.04E+06	2.32E+06	1.75E+06	2.42E+06	2.34E+06	2.49E+06	2.74E+06	2.64E+06	3.08E+06	2.16E+06	1.92E+06	2.40E+06	1.74E+06	1.82E+06	2.09E+06	2.89E+06	2.87E+06	2.92E+06	2.05E+06	1.67E+06	1.86E+06
mws0055	Tangeretin (4',5,6,7,8-Pentamethoxyflavone)	桔皮素 (4',5,6,7,8-五甲氧基黄酮)	Flavonols	5	1.29E+07	1.28E+07	1.29E+07	1.29E+07	1.21E+07	1.23E+07	1.18E+07	1.20E+07	1.18E+07	1.31E+07	1.29E+07	1.33E+07	1.27E+07	1.27E+07	1.24E+07	1.20E+07	1.23E+07	1.17E+07	1.28E+07	1.23E+07	1.33E+07	1.18E+07	1.12E+07	1.18E+07	1.20E+07	1.18E+07	1.22E+07	1.12E+07	1.12E+07	1.17E+07	1.20E+07	1.18E+07	1.22E+07	1.13E+07	1.09E+07	1.11E+07
mws1313	Sinensetin (5,6,7,3',4'-pentamethoxyflavone)	甜橙素 (5,6,7,3',4'-五甲氧基黄酮)	Flavonoid	5	8.57E+05	9.04E+05	8.81E+05	8.95E+05	7.76E+05	8.19E+05	1.01E+06	1.05E+06	9.84E+05	1.12E+06	1.10E+06	1.13E+06	1.08E+06	1.05E+06	1.07E+06	9.49E+05	1.01E+06	8.92E+05	1.03E+06	1.01E+06	1.05E+06	1.07E+06	1.08E+06	1.12E+06	9.51E+05	9.26E+05	9.75E+05	7.97E+05	7.78E+05	8.72E+05	1.09E+06	1.04E+06	1.13E+06	8.50E+05	8.41E+05	8.45E+05
Lmsp010424	3,4',5,6,7-Pentamethoxyflavone	3,4',5,6,7-五甲氧基黄酮	Flavonoid	5	4.27E+06	4.21E+06	4.24E+06	4.16E+06	3.97E+06	4.04E+06	3.86E+06	4.11E+06	3.87E+06	4.20E+06	4.13E+06	4.26E+06	4.22E+06	4.42E+06	4.09E+06	4.16E+06	4.16E+06	4.16E+06	4.55E+06	4.55E+06	4.54E+06	3.90E+06	4.05E+06	3.89E+06	4.06E+06	4.15E+06	3.97E+06	3.84E+06	3.90E+06	3.94E+06	3.97E+06	3.96E+06	3.98E+06	3.76E+06	3.75E+06	3.76E+06
Zmjp009119	5,4′-Dihydroxy-3,6,7,3′-tetramethoxyflavone	5,4′-二羟基-3,6,7,3′-四甲氧基黄酮	Flavonoid	4	2.35E+05	2.57E+05	2.46E+05	3.04E+05	3.47E+05	3.96E+05	7.52E+05	3.83E+05	5.64E+05	5.69E+05	5.20E+05	6.17E+05	6.93E+05	8.32E+05	5.90E+05	7.10E+05	8.08E+05	6.11E+05	3.87E+05	4.43E+05	3.31E+05	4.77E+05	4.70E+05	4.64E+05	3.42E+05	3.29E+05	3.56E+05	5.66E+05	7.15E+05	8.78E+05	4.36E+05	4.46E+05	4.26E+05	1.06E+06	1.04E+06	1.05E+06
Lmjp002721	5,7,3',4',5'-Pentamethoxyflavanone	5,7,3',4',5'-五甲氧基二氢黄酮	Dihydroflavone	5	1.81E+05	1.82E+05	1.81E+05	2.68E+05	2.71E+05	2.62E+05	4.30E+05	3.64E+05	6.65E+05	4.92E+05	4.27E+05	5.58E+05	4.70E+05	6.40E+05	5.91E+05	8.28E+05	9.01E+05	7.54E+05	1.46E+06	1.28E+06	1.63E+06	2.24E+06	2.21E+06	2.85E+06	2.00E+06	2.00E+06	2.00E+06	1.98E+06	2.57E+06	2.33E+06	1.85E+06	1.79E+06	1.91E+06	2.89E+06	2.59E+06	2.74E+06
Hmxp007703	5,7,8,3’,4’-Pentamethoxyflavanone	5,7,8,3',4'-五甲氧基黄烷酮	Flavonoid	5	1.38E+06	1.37E+06	1.38E+06	1.04E+06	9.79E+05	9.28E+05	8.85E+05	1.11E+06	1.06E+06	1.20E+06	1.19E+06	1.21E+06	1.03E+06	1.36E+06	1.20E+06	9.24E+05	7.99E+05	1.05E+06	7.67E+05	6.88E+05	8.47E+05	8.80E+05	9.34E+05	7.49E+05	7.19E+05	7.30E+05	7.09E+05	5.60E+05	5.80E+05	5.51E+05	8.30E+05	7.09E+05	9.51E+05	5.66E+05	5.90E+05	5.78E+05
Lmsp009394	3',4',5,6,7-Pentamethoxyflavanone	3',4',5,6,7-五甲氧基黄烷酮	Dihydroflavone	5	1.35E+06	1.36E+06	1.35E+06	1.01E+06	9.80E+05	8.69E+05	7.66E+05	1.07E+06	9.98E+05	1.11E+06	1.08E+06	1.15E+06	9.26E+05	1.24E+06	1.15E+06	8.58E+05	7.58E+05	9.58E+05	6.92E+05	6.27E+05	7.57E+05	8.83E+05	8.95E+05	6.95E+05	7.08E+05	7.58E+05	6.57E+05	5.50E+05	5.64E+05	5.24E+05	7.80E+05	6.78E+05	8.81E+05	5.71E+05	5.93E+05	5.82E+05
pmp000113	5-Hydroxy-6,7,8,3',4'-pentamethoxyflavone	5-羟基-6,7,8,3',4'-五甲氧基黄酮	Flavonoid	5	1.40E+05	1.33E+05	1.36E+05	1.18E+05	1.09E+05	1.06E+05	1.41E+05	1.25E+05	1.43E+05	2.17E+05	2.16E+05	2.18E+05	2.30E+05	2.62E+05	2.13E+05	2.06E+05	2.04E+05	2.08E+05	1.69E+05	1.60E+05	1.78E+05	1.78E+05	1.73E+05	1.60E+05	1.63E+05	1.70E+05	1.56E+05	1.72E+05	1.75E+05	2.08E+05	1.67E+05	1.64E+05	1.71E+05	1.77E+05	1.98E+05	1.88E+05
mws0043	Nobiletin (5,6,7,8,3',4'-Hexamethoxyflavone)	川陈皮素 (5,6,7,8,3',4'-六甲氧基黄酮)	Flavonoid	6	7.30E+06	7.33E+06	7.31E+06	7.10E+06	6.77E+06	7.15E+06	7.59E+06	7.69E+06	7.32E+06	7.86E+06	7.77E+06	7.95E+06	7.76E+06	7.95E+06	7.57E+06	7.36E+06	7.56E+06	7.16E+06	7.29E+06	7.33E+06	7.26E+06	7.27E+06	7.45E+06	7.41E+06	7.15E+06	7.19E+06	7.11E+06	6.86E+06	6.94E+06	6.99E+06	7.45E+06	7.45E+06	7.45E+06	6.96E+06	6.73E+06	6.84E+06
pmp000114	5,6,7,8,3',4'-Hexamethoxyflavanone	5,6,7,8,3',4'-六甲氧基黄酮	Dihydroflavone	6	7.47E+04	7.87E+04	7.67E+04	5.46E+05	4.84E+05	4.57E+05	7.06E+05	8.07E+05	7.56E+05	1.06E+06	1.06E+06	1.06E+06	9.23E+05	1.21E+06	1.09E+06	1.14E+06	1.03E+06	1.26E+06	1.19E+06	1.11E+06	1.28E+06	1.50E+06	1.47E+06	1.38E+06	1.10E+06	1.14E+06	1.05E+06	1.05E+06	9.64E+05	1.05E+06	1.22E+06	1.08E+06	1.36E+06	9.13E+05	9.33E+05	9.23E+05
Lmjp003402	2'-Hydroxy-3,4,5,3',4',6'-hexamethoxychalcone	2'-羟基-3,4,5,3'4',6'-六甲氧基查耳酮	Chalcones	6	3.54E+04	3.78E+04	3.66E+04	2.98E+04	3.41E+04	3.53E+04	4.83E+04	4.89E+04	4.45E+04	5.98E+04	5.54E+04	6.42E+04	6.31E+04	6.45E+04	6.39E+04	4.24E+04	4.91E+04	3.58E+04	4.27E+04	4.27E+04	4.28E+04	5.60E+04	5.47E+04	5.14E+04	4.05E+04	4.71E+04	3.38E+04	4.14E+04	4.12E+04	4.90E+04	5.47E+04	5.49E+04	5.44E+04	4.76E+04	5.10E+04	4.93E+04
pmp000115	Monohydroxy-hexamethoxyflavone	单羟基六甲氧基黄酮	Flavonoid	6	5.30E+06	5.52E+06	5.41E+06	5.30E+06	5.14E+06	5.46E+06	1.55E+07	8.68E+06	1.15E+07	1.07E+07	1.06E+07	1.08E+07	1.27E+07	1.39E+07	9.81E+06	1.40E+07	1.68E+07	1.11E+07	1.02E+07	1.12E+07	9.11E+06	1.40E+07	1.25E+07	1.41E+07	7.23E+06	7.39E+06	7.07E+06	1.38E+07	1.60E+07	1.94E+07	1.32E+07	1.37E+07	1.26E+07	1.57E+07	1.70E+07	1.63E+07
pmn001551	Natsudaidain (3-Hydroxy-3',4',5,6,7,8-hexamethoxyflavone)	柚皮黄素	Flavonols	6	6.98E+06	6.79E+06	6.89E+06	5.68E+06	5.24E+06	4.68E+06	8.94E+06	6.98E+06	8.24E+06	1.63E+07	1.63E+07	1.62E+07	8.98E+06	1.54E+07	1.22E+07	1.38E+07	1.53E+07	1.23E+07	7.85E+06	7.42E+06	8.29E+06	1.02E+07	1.13E+07	9.27E+06	9.04E+06	9.19E+06	8.88E+06	7.54E+06	7.12E+06	9.46E+06	9.04E+06	8.80E+06	9.27E+06	8.81E+06	9.19E+06	9.00E+06
Hmxp008844	Gardenin A	栀子宁 A	Flavonoid	6	2.85E+06	3.55E+06	3.20E+06	3.06E+06	3.13E+06	2.87E+06	7.48E+06	3.87E+06	5.31E+06	1.02E+07	1.05E+07	9.93E+06	6.45E+06	9.15E+06	1.00E+07	7.03E+06	8.53E+06	5.53E+06	2.48E+06	2.35E+06	2.62E+06	5.57E+06	5.84E+06	5.27E+06	4.32E+06	4.58E+06	4.06E+06	4.51E+06	4.74E+06	6.05E+06	4.63E+06	4.70E+06	4.57E+06	5.07E+06	6.10E+06	5.58E+06
pmp000117	3,5,6,7,8,3',4'-Heptamethoxyflavone	3,5,6,7,8,3',4'-七甲氧基黄酮	Flavonols	7	1.50E+06	1.44E+06	1.47E+06	1.43E+06	1.34E+06	1.27E+06	1.75E+06	1.69E+06	1.82E+06	1.99E+06	1.99E+06	1.99E+06	2.05E+06	2.29E+06	1.88E+06	1.85E+06	1.98E+06	1.72E+06	1.71E+06	1.68E+06	1.73E+06	1.95E+06	2.01E+06	1.98E+06	1.62E+06	1.60E+06	1.63E+06	1.85E+06	1.93E+06	2.07E+06	2.07E+06	2.00E+06	2.14E+06	1.68E+06	1.72E+06	1.70E+06
Zmjp005288	5,2′,5′-Trihydroxy-3,7,4′-trimethoxyflavone-2′-O-glucoside	5,2′,5′-三羟基-3,7,4′-三甲氧基黄酮-2′-O-葡萄糖苷	Flavonoid	3	3.36E+04	4.02E+04	3.69E+04	5.13E+04	2.62E+04	6.46E+04	1.65E+05	9.81E+04	1.10E+05	1.54E+05	1.29E+05	1.79E+05	1.67E+05	1.44E+05	1.11E+05	1.51E+05	1.73E+05	1.28E+05	1.69E+05	1.78E+05	1.60E+05	2.23E+05	1.52E+05	1.66E+05	2.27E+05	1.87E+05	2.66E+05	1.23E+05	2.74E+05	3.87E+05	1.36E+05	1.52E+05	1.21E+05	2.88E+05	2.84E+05	2.86E+05
pmp001082	Sudachiin C	{3,4,5-三羟基-6-[5-羟基-2-(4-羟基-3-甲氧基苯基)-6,8-二甲氧基-4-氧代苯并吡喃-7-基]氧代恶烷-2-基}甲基-4-甲酰氧基-3-羟基-3-甲基丁酸酯	Flavonoid	2	2.76E+05	3.73E+05	3.24E+05	3.39E+05	3.25E+05	4.49E+05	6.46E+05	7.24E+05	1.11E+06	9.86E+05	9.33E+05	1.04E+06	1.51E+06	1.58E+06	9.42E+05	1.12E+06	1.16E+06	1.08E+06	1.83E+06	1.81E+06	1.86E+06	2.09E+06	1.95E+06	1.78E+06	2.69E+06	2.31E+06	3.07E+06	3.05E+06	2.74E+06	3.00E+06	1.87E+06	1.81E+06	1.93E+06	3.08E+06	2.34E+06	2.71E+06
pmp001081	Sudachiin B	{6-[4-(5,7-二羟基-6,8-二甲氧基-4-氧代苯并吡喃-2-基)-2-甲氧基苯氧基]-3,4,5-三羟基恶烷-2-基}甲基-4-甲酰氧基-3-羟基-3-甲基丁酸酯	Flavonoid	2	2.98E+05	3.46E+05	3.22E+05	3.50E+05	3.06E+05	3.81E+05	5.74E+05	7.35E+05	1.05E+06	1.02E+06	8.99E+05	1.14E+06	1.47E+06	1.78E+06	9.04E+05	1.05E+06	1.07E+06	1.04E+06	1.83E+06	1.87E+06	1.80E+06	2.00E+06	1.94E+06	1.65E+06	2.52E+06	2.22E+06	2.81E+06	2.57E+06	2.69E+06	2.73E+06	1.77E+06	1.70E+06	1.84E+06	2.94E+06	2.33E+06	2.64E+06
pmp001161	5-Hydroxyauranetin	5-羟基酸橙黄酮	Flavonols	5	2.10E+07	2.14E+07	2.12E+07	2.07E+07	2.08E+07	2.20E+07	2.90E+07	2.59E+07	2.39E+07	2.90E+07	2.86E+07	2.94E+07	2.66E+07	2.96E+07	2.53E+07	2.61E+07	2.78E+07	2.44E+07	2.68E+07	2.80E+07	2.56E+07	2.86E+07	2.72E+07	2.89E+07	2.49E+07	2.44E+07	2.55E+07	2.30E+07	2.38E+07	2.65E+07	2.64E+07	2.71E+07	2.56E+07	2.61E+07	2.49E+07	2.55E+07