OTU_ID	CK0_1	CK0_2	CK0_3	GCP11_1	GCP11_2	GCP11_3	GCP16_1	GCP16_2	GCP16_3	GCP18_1	GCP18_2	GCP18_3	GCP19_1	GCP19_2	GCP19_3	GCP01_1	GCP01_2	GCP01_3	GCP02_1	GCP02_2	GCP02_3	GCP03_1	GCP03_2	GCP03_3	GCP04_1	GCP04_2	GCP04_3	GCP05_1	GCP05_2	GCP05_3	GCP06_1	GCP06_2	GCP06_3	GCP08_1	GCP08_2	GCP08_3
OTU_1	16768	18703	24355	135	65	67	183	132	32	11	7	113	349	298	392	25593	17052	18187	27420	29484	31612	3022	1946	3350	25485	14263	14979	7965	5806	7512	32	13	9	532	434	293
OTU_10	0	0	0	42	26	99	21	24	74	21	2	25	1	9	7	14	4	11	18	7	27	126	78	38	135	144	428	3432	1149	743	25	8	4	28	42	30
OTU_100	0	0	0	1	0	2	4	0	5	1	1	2	0	0	0	0	0	0	0	0	0	8	0	0	0	2	0	80	0	1	2	0	0	0	0	0
OTU_101	6	5	4	1	0	7	2	0	0	1	0	0	0	0	0	7	3	6	0	0	0	17	1	4	1	0	0	24	29	3	0	0	2	5	1	5
OTU_102	11	20	11	0	1	0	0	4	0	2	0	0	0	0	0	4	15	16	1	0	4	4	2	2	9	0	0	21	21	10	0	0	0	0	1	1
OTU_103	0	0	0	12	10	16	45	25	7	2	0	3	1	6	7	0	1	0	0	2	0	35	9	0	1	7	0	49	0	39	0	0	1	5	5	3
OTU_104	0	0	0	21	19	15	52	32	6	3	0	1	30	12	3	0	2	0	0	0	0	15	6	0	3	0	3	31	22	17	0	0	0	7	9	10
OTU_105	0	0	0	11	13	0	10	6	10	0	0	1	1	1	0	0	0	0	0	0	0	0	0	31	0	0	12	7	0	6	1	0	0	4	4	5
OTU_106	0	1	0	7	7	21	63	37	10	1	0	0	0	0	2	0	0	0	0	0	0	0	0	14	9	0	0	0	1	0	0	0	0	3	2	5
OTU_107	0	0	0	0	0	0	81	55	0	1	0	1	1	1	1	0	0	0	0	0	0	7	0	0	5	1	0	15	0	1	0	0	0	0	0	0
OTU_108	1	1	0	7	9	3	28	17	4	1	0	1	0	2	0	0	0	0	0	0	0	8	6	6	0	4	0	15	0	0	0	0	0	0	0	1
OTU_109	0	0	0	1	0	0	1	0	0	0	0	1	1	1	3	0	0	0	0	0	0	6	16	0	0	0	0	27	36	29	0	0	0	2	1	0
OTU_11	0	0	0	15	0	0	4	20	28	0	0	0	1	0	0	0	0	0	0	0	0	142	11673	1668	0	0	0	23	32	12	0	0	0	0	0	0
OTU_110	0	0	0	0	0	0	0	0	0	0	0	2	0	0	0	47	11	27	1	0	0	0	4	0	0	0	0	0	0	0	0	0	0	0	0	0
OTU_111	0	0	0	0	0	0	3	0	0	0	0	0	0	0	0	0	0	0	0	0	0	0	0	0	54	0	0	2	2	0	0	0	0	7	6	12
OTU_112	1	2	0	5	3	13	1	2	2	1	0	0	1	2	4	0	0	0	0	0	0	2	15	5	10	0	4	25	16	52	0	1	0	0	1	0
OTU_113	0	0	0	3	1	0	0	1	0	0	0	2	0	0	2	0	0	0	1	0	0	0	1	0	0	60	0	17	0	9	0	0	0	5	4	1
OTU_114	0	0	0	7	0	0	9	1	0	0	0	0	1	0	0	0	0	0	0	0	0	0	0	0	0	14	3	15	13	25	1	0	0	0	1	2
OTU_115	0	0	0	0	0	3	1	0	0	0	0	0	0	0	0	0	0	0	0	0	0	0	0	1	7	0	31	6	0	0	0	0	0	0	0	0
OTU_116	0	0	0	29	2	0	0	0	0	3	0	2	0	0	0	0	0	0	1	0	2	13	0	4	1	0	55	105	20	9	0	3	0	1	0	0
OTU_117	0	0	0	2	0	0	18	4	0	1	0	1	0	0	1	0	0	0	0	0	1	0	0	0	0	0	0	160	0	0	0	0	0	2	2	2
OTU_119	0	0	0	0	0	0	0	0	1	2	1	5	3	0	0	0	0	1	0	0	0	5	0	3	0	0	0	0	15	3	13	18	151	0	0	0
OTU_12	16	43	8	353	273	649	458	290	274	49	2	103	331	589	534	26	10	2	13	19	12	646	451	174	97	352	576	1246	2470	2697	98	85	62	140	29	9
OTU_121	0	0	0	16	16	6	6	2	3	0	0	0	0	1	2	0	0	0	0	0	0	0	1	0	0	0	0	0	9	19	1	0	1	2	1	4
OTU_122	0	1	0	10	4	4	3	8	2	0	1	3	9	16	15	0	0	0	0	0	3	9	1	1	4	7	13	33	89	31	1	0	2	9	2	2
OTU_123	0	0	0	13	14	14	65	23	3	2	0	0	1	6	3	1	0	0	0	0	0	0	12	1	2	0	4	33	5	0	0	0	0	1	0	1
OTU_124	0	0	0	9	5	9	15	4	1	0	0	4	0	1	0	0	0	0	0	0	0	10	0	0	0	0	0	0	0	0	0	1	0	4	6	3
OTU_125	0	0	0	0	0	8	0	0	2	1	0	2	0	0	0	0	0	0	0	0	0	23	0	0	0	0	1	47	31	25	4	1	1	2	2	2
OTU_126	0	0	0	2	0	4	0	0	2	0	0	1	0	4	3	0	0	0	0	0	0	0	0	0	0	0	7	11	0	0	0	0	0	0	1	0
OTU_127	0	1	0	7	3	2	4	6	1	3	0	2	3	0	2	0	0	0	0	0	0	1	10	0	1	0	0	5	4	0	0	0	0	4	1	2
OTU_128	1	0	1	6	13	17	7	5	4	1	1	5	0	3	3	1	0	0	0	1	0	23	0	0	2	1	3	33	7	8	1	3	2	8	3	4
OTU_129	0	0	0	10	6	4	85	32	8	0	0	0	1	0	0	2	0	0	0	0	0	3	0	0	6	0	0	0	0	0	0	0	0	0	0	0
OTU_13	0	0	0	1878	1916	584	920	794	607	0	0	3	1	3	0	0	0	0	1	0	0	1	0	0	4	14	0	48	22	86	0	1	0	5	3	4
OTU_130	0	0	0	0	5	4	13	3	0	0	0	1	4	15	17	0	0	0	5	1	1	0	0	4	16	0	7	49	15	5	0	1	1	17	8	8
OTU_131	0	2	0	0	2	1	17	8	0	1	0	4	0	4	9	0	0	0	0	0	0	9	1	2	4	0	0	0	38	0	1	1	0	1	1	2
OTU_132	0	0	0	0	0	0	0	0	0	28	38	46	0	0	0	0	0	0	0	0	0	0	0	0	0	0	0	0	0	0	0	0	2	0	0	0
OTU_133	0	0	0	0	0	0	0	0	0	24	11	26	0	0	0	0	0	0	0	0	0	0	0	0	0	0	0	0	0	0	0	0	0	1	0	0
OTU_134	2	0	1	0	0	0	0	0	1	0	0	0	0	0	0	8	3	6	0	0	0	0	0	0	0	0	0	17	38	21	0	7	0	0	0	0
OTU_135	2	0	0	0	0	0	8	0	0	0	0	0	0	0	1	5	5	4	0	0	0	34	11	4	5	0	0	75	10	7	0	11	3	0	0	0
OTU_136	0	0	0	1	6	6	14	1	43	0	0	0	0	0	0	0	0	0	0	0	0	0	11	7	0	0	0	3	28	27	0	0	0	0	0	0
OTU_137	0	0	0	0	0	0	6	0	0	0	0	0	0	0	0	3	0	0	0	0	0	1	0	0	3	0	0	36	30	7	0	0	0	0	0	0
OTU_138	0	0	0	0	0	0	3	0	0	0	0	2	0	0	0	0	0	0	0	0	0	0	0	0	29	0	5	16	10	0	0	0	0	1	0	0
OTU_14	11	38	6	1003	1238	1123	1286	1075	975	58	77	312	128	236	321	23	7	4	14	14	10	287	303	117	181	299	273	740	1325	1322	52	31	14	587	605	577
OTU_140	0	0	0	0	0	1	0	0	4	0	1	0	0	0	0	0	0	0	0	0	0	2	0	0	4	0	0	0	63	9	0	0	0	1	1	0
OTU_141	0	0	0	4	8	3	0	0	0	4	1	2	0	0	0	0	0	0	0	0	0	0	0	0	0	0	0	0	4	7	3	30	30	0	0	0
OTU_143	19	11	2	10	9	0	8	0	0	0	0	0	0	6	0	0	0	2	0	0	0	1	0	0	21	0	0	0	0	0	0	50	0	1	2	0
OTU_144	0	0	0	47	6	7	1	2	1	3	0	9	0	1	0	0	0	0	0	2	1	2	3	0	0	0	2	19	19	4	3	3	2	2	3	3
OTU_145	0	0	0	9	11	2	0	0	0	0	0	0	0	0	0	0	0	0	0	0	0	0	0	0	0	0	0	0	0	0	0	0	0	10	8	7
OTU_146	0	0	0	36	29	5	15	36	6	1	0	0	0	0	0	0	0	0	0	0	0	0	0	0	0	0	0	3	0	0	2	0	0	1	0	0
OTU_147	0	0	0	127	104	62	144	95	83	0	1	1	1	4	3	2	0	0	1	1	1	3	0	9	15	0	2	52	31	30	2	3	0	7	2	3
OTU_148	0	1	0	4	1	6	114	53	1	1	0	0	2	2	4	3	0	4	0	0	0	7	13	2	5	2	0	11	11	8	0	0	0	1	1	2
OTU_15	0	4	0	924	961	589	1126	563	369	1	0	0	3	4	6	0	0	0	1	0	0	2	14	0	23	8	18	1	40	45	0	0	0	4	0	1
OTU_150	0	0	0	3	5	0	3	0	1	2	1	2	1	8	1	0	0	0	0	0	0	0	0	0	0	0	0	0	6	0	0	0	0	3	5	2
OTU_151	0	0	0	4	18	31	0	0	0	0	0	4	1	1	1	0	0	0	0	0	0	54	0	5	0	0	1	37	0	0	0	14	0	1	0	0
OTU_152	0	0	0	1	12	6	17	4	4	0	0	0	0	0	0	0	0	0	0	0	0	7	0	0	0	0	0	0	0	0	0	0	0	6	4	5
OTU_153	0	0	0	11	3	7	30	8	10	1	1	3	1	0	18	1	0	0	1	0	0	3	33	0	0	101	7	61	29	0	3	0	4	11	7	3
OTU_154	0	0	0	0	3	0	0	3	0	0	0	0	0	0	1	0	0	0	0	0	0	18	0	0	0	0	0	0	0	0	0	0	0	3	3	9
OTU_155	0	0	0	0	3	7	2	3	0	0	1	0	0	1	0	0	0	0	0	0	0	5	4	0	0	0	18	0	16	15	0	0	0	2	3	1
OTU_157	0	0	0	3	1	3	0	3	0	1	0	1	1	0	0	0	0	0	0	0	0	19	15	1	0	0	13	14	16	12	0	0	0	0	1	0
OTU_158	0	0	0	0	0	55	0	0	3	1	0	1	0	1	0	0	0	0	0	0	0	0	0	0	0	0	0	0	0	0	1	0	0	2	3	4
OTU_159	0	0	0	5	7	9	8	8	0	4	0	3	1	14	1	0	0	0	0	0	0	0	0	0	0	0	15	0	0	0	0	0	0	16	14	16
OTU_16	8	9	7	85	134	243	186	121	89	20	0	48	81	158	126	14	6	2	10	5	18	171	184	30	119	129	248	527	595	571	34	37	18	71	26	5
OTU_160	0	0	0	1	2	20	1	0	5	0	0	1	0	0	0	0	0	0	0	0	1	0	0	0	0	0	0	0	0	5	6	0	0	3	4	1
OTU_161	0	0	0	3	1	4	6	2	0	0	0	0	0	0	2	0	0	0	0	0	3	2	3	0	1	0	10	25	7	35	1	0	2	1	0	0
OTU_162	0	0	0	1	1	7	14	0	1	0	0	0	0	0	0	0	0	0	0	0	0	12	0	0	5	1	0	0	0	0	0	0	0	1	0	0
OTU_163	0	0	0	2	1	5	1	0	0	0	0	0	0	0	0	0	0	0	0	0	0	2	4	0	0	0	11	15	0	11	0	0	0	0	0	0
OTU_164	0	0	0	0	0	0	4	0	4	0	0	1	73	4	1	0	0	0	0	0	0	0	0	0	0	0	0	0	0	0	0	0	0	0	0	0
OTU_166	0	0	0	0	0	0	39	40	0	0	0	0	5	0	0	0	0	0	0	0	0	9	0	0	0	2	0	0	0	0	0	0	0	0	0	0
OTU_167	0	0	0	0	0	0	27	10	0	0	0	0	4	2	1	0	0	0	0	0	0	0	0	0	1	0	0	0	0	10	0	0	0	0	0	0
OTU_168	0	0	0	0	0	2	22	8	0	0	0	0	2	0	2	0	0	0	0	0	2	2	0	0	1	0	0	1	0	0	2	2	0	1	0	0
OTU_169	0	0	0	1	2	0	43	21	2	0	0	0	0	0	0	0	0	0	0	0	0	0	0	0	3	0	0	0	0	0	0	0	0	0	0	0
OTU_17	1	6	0	1386	1092	557	495	515	321	10	0	11	21	48	46	6	0	1	3	2	0	47	79	44	16	30	47	124	225	305	13	11	6	28	30	31
OTU_170	0	0	0	1	0	0	10	5	11	1	0	1	0	0	0	0	0	0	0	0	0	0	0	0	0	0	0	0	0	0	0	0	0	0	0	0
OTU_171	0	0	0	0	0	0	28	18	0	0	0	0	0	0	0	0	0	0	0	0	0	0	0	0	1	0	0	4	0	0	0	0	0	0	0	0
OTU_172	0	0	0	9	7	1	12	5	1	0	0	1	0	6	1	0	0	0	0	0	0	0	0	0	0	0	0	3	0	0	1	0	0	1	4	4
OTU_173	0	0	0	0	13	1	3	0	2	0	1	1	2	4	5	0	0	0	1	0	1	3	0	0	2	0	7	4	9	46	1	0	0	6	2	0
OTU_174	0	1	0	5	0	3	10	6	1	0	1	0	6	6	0	0	0	0	2	0	0	9	7	0	0	0	3	10	10	15	0	2	1	3	1	1
OTU_175	0	0	0	0	0	1	11	7	0	4	0	7	1	1	5	0	0	0	0	0	2	2	0	1	1	0	3	11	21	12	0	3	1	5	3	0
OTU_176	0	0	0	4	13	8	6	7	30	663	52	425	23	19	22	0	0	0	0	0	0	0	0	0	0	0	0	0	0	0	95	154	124	22	20	26
OTU_177	0	0	0	0	0	0	0	0	0	1	0	5	0	0	0	1	0	0	0	0	0	0	0	0	0	0	0	21	6	0	3	2	0	0	0	0
OTU_178	0	1	0	4	4	24	27	4	1	0	1	1	6	4	12	1	0	0	1	1	0	27	8	30	6	1	11	12	33	48	4	1	0	14	9	3
OTU_179	0	0	0	3	1	0	1	0	0	0	0	0	0	0	0	0	0	0	0	0	2	0	2	0	0	0	0	20	0	12	5	0	0	1	0	0
OTU_18	3	9	4	94	83	236	142	127	54	17	0	29	61	221	141	10	1	3	7	4	9	145	120	77	57	231	327	589	705	700	31	22	19	49	15	5
OTU_181	0	0	0	0	0	0	0	0	0	0	0	0	1	0	5	0	0	0	0	0	0	56	30	4	0	0	0	0	0	0	0	0	0	0	0	0
OTU_182	0	0	0	1	1	0	2	0	0	0	0	0	0	0	0	0	0	0	0	0	0	73	0	0	0	0	0	2	0	6	0	0	0	0	0	0
OTU_183	0	0	0	0	0	0	0	0	0	0	0	0	0	0	0	0	0	0	0	0	0	4	28	30	0	0	13	0	0	0	0	0	0	0	0	0
OTU_184	0	0	0	0	2	0	0	2	0	0	0	0	0	0	0	0	0	0	0	0	0	5	0	0	57	0	0	0	0	0	0	0	0	4	6	6
OTU_186	0	0	0	0	2	2	0	0	4	0	1	1	0	0	1	0	0	0	0	1	0	0	2	0	6	0	4	0	11	9	0	0	0	0	0	0
OTU_188	0	0	0	7	0	2	2	2	0	0	0	2	2	1	6	1	0	0	0	0	0	0	0	0	0	21	0	13	0	0	3	1	5	10	2	0
OTU_189	0	0	0	0	3	5	1	1	0	0	0	0	0	1	0	0	0	0	0	0	0	0	0	0	0	0	22	33	1	5	0	0	1	0	0	1
OTU_19	1	0	0	160	138	128	267	129	135	3	0	0	0	1	0	0	0	0	0	0	1	11	0	7	12	2	12	21	51	11	0	0	0	2	0	0
OTU_191	0	1	0	0	0	0	10	5	0	0	0	0	0	0	0	0	2	0	0	0	0	1	0	0	0	0	0	25	8	0	0	0	0	0	0	0
OTU_193	0	0	0	7	0	5	6	4	3	0	0	0	1	0	3	0	0	0	0	1	0	0	16	0	0	0	0	4	30	6	0	1	0	0	0	0
OTU_194	0	0	0	2	1	0	0	0	0	2	0	0	0	0	0	0	0	0	0	0	0	0	0	0	0	0	0	1	39	0	0	0	0	2	0	3
OTU_197	0	0	0	18	21	2	12	24	7	0	0	1	0	0	1	0	0	0	1	1	0	19	0	0	0	0	0	0	1	0	0	1	0	1	0	2
OTU_198	0	0	0	2	2	0	9	0	0	0	2	0	0	3	2	0	0	0	0	0	0	1	0	0	1	0	0	0	0	1	0	0	0	3	2	3
OTU_199	0	0	0	17	18	2	16	12	1	0	0	0	0	0	0	0	0	0	0	0	0	1	0	0	0	0	0	0	1	0	0	0	0	1	0	0
OTU_2	1	1	0	29134	30263	30613	28148	27588	28482	31077	36341	27947	34734	34166	32920	0	0	9	7	16	16	1	1	18	566	154	0	7	17	19	35364	30883	36585	31536	34550	35937
OTU_20	1	3	1	69	41	48	824	330	100	15	4	17	9	18	2	3	0	0	0	1	1	392	296	16	188	25	13	197	40	17	2	9	0	39	26	30
OTU_200	0	0	0	0	2	0	0	0	5	0	0	0	0	1	1	0	0	0	0	1	0	0	0	0	0	0	0	6	8	0	0	0	1	7	10	10
OTU_201	0	0	0	0	6	0	18	13	0	0	0	0	0	0	0	1	0	0	0	0	0	0	0	0	3	0	0	0	0	0	0	0	0	0	0	0
OTU_202	0	0	0	3	3	5	1	8	0	0	0	0	3	0	3	0	0	0	0	0	0	0	0	0	0	0	0	13	0	0	0	0	0	0	0	0
OTU_203	0	0	0	0	5	5	2	1	2	2	0	0	0	0	1	1	0	0	0	1	0	0	0	0	0	0	7	4	9	0	2	0	0	2	0	0
OTU_204	0	0	0	3	8	1	5	10	8	0	0	0	0	0	0	0	0	0	0	0	0	0	0	0	0	0	0	0	0	0	0	0	0	0	0	0
OTU_205	0	0	0	14	7	4	0	9	2	0	0	0	0	1	0	0	0	0	0	0	0	1	0	0	0	1	0	7	0	0	0	0	0	4	1	3
OTU_206	0	0	0	0	1	2	7	3	0	0	0	0	0	0	0	0	0	0	0	0	0	0	0	0	0	0	0	0	0	0	0	0	0	3	3	3
OTU_207	0	0	0	0	2	9	1	0	1	0	0	0	0	0	0	0	0	0	0	0	0	0	0	0	0	0	0	0	0	0	0	0	0	0	0	0
OTU_208	0	0	0	0	0	3	2	7	0	0	0	0	0	0	0	0	0	0	0	0	0	0	1	2	0	0	0	0	0	10	0	0	0	0	0	0
OTU_209	0	0	0	0	0	6	0	0	22	0	0	0	1	0	0	0	0	0	0	0	0	0	0	0	0	0	0	0	0	12	0	0	0	7	1	5
OTU_21	0	0	0	0	0	3	0	0	0	0	0	0	0	0	0	0	0	0	2	1	1266	0	0	0	22	0	0	0	0	0	0	0	0	2	0	0
OTU_210	0	0	0	0	0	6	1	2	0	0	0	0	1	0	0	0	0	0	0	0	0	2	0	0	0	0	0	4	9	7	0	0	0	1	3	5
OTU_211	0	1	0	2	0	3	16	11	1	1	0	0	0	0	0	0	0	0	0	0	0	0	0	0	0	0	0	0	0	0	0	0	0	0	0	0
OTU_212	0	0	0	2	5	0	5	0	0	0	0	0	0	0	0	0	0	0	0	0	0	0	0	0	1	0	0	0	0	0	0	0	0	0	0	0
OTU_213	0	0	0	2	0	0	43	4	0	0	0	0	0	3	0	0	0	0	0	0	0	0	0	0	0	0	0	0	2	0	0	0	0	1	1	4
OTU_215	0	1	0	0	0	0	63	29	0	0	0	1	0	0	0	0	1	0	0	0	0	0	0	0	5	0	0	0	0	0	0	0	0	2	2	3
OTU_217	0	1	0	0	0	0	8	7	0	0	0	0	0	0	0	0	0	0	0	0	0	0	0	0	1	0	0	0	0	0	0	0	0	0	0	0
OTU_218	0	0	0	0	3	0	5	6	1	0	0	0	0	0	0	0	0	0	0	0	0	0	0	0	0	0	0	0	0	0	0	0	0	0	0	0
OTU_219	0	0	0	0	1	0	30	5	0	0	0	0	0	0	0	0	0	0	0	0	0	0	0	0	1	0	0	4	0	0	0	0	0	0	0	0
OTU_22	1	6	2	139	151	194	110	83	73	18	0	51	56	122	103	5	3	0	2	4	1	83	96	24	75	99	209	264	319	522	16	15	17	27	12	2
OTU_220	0	0	0	0	0	0	13	17	0	0	0	0	0	0	0	0	0	0	0	0	0	0	0	0	1	0	0	0	0	0	0	1	0	0	0	0
OTU_222	0	0	0	1	0	0	5	7	0	0	0	0	0	0	2	0	0	0	0	0	0	0	0	0	0	0	0	12	0	0	0	0	0	0	0	0
OTU_223	1	0	0	0	0	2	8	2	0	0	0	0	0	0	1	3	0	0	0	0	0	0	0	0	0	0	0	3	21	8	0	2	3	0	0	0
OTU_224	0	0	0	0	0	0	13	3	0	0	0	0	0	2	1	0	0	0	0	0	0	0	0	0	0	0	0	0	0	0	0	0	0	0	0	0
OTU_225	0	0	0	0	0	0	19	11	0	0	0	1	0	0	0	2	0	0	0	0	0	0	0	0	0	0	0	0	0	0	0	0	0	0	0	0
OTU_227	0	0	0	4	5	14	7	3	1	0	1	0	0	0	0	0	0	0	0	0	0	0	0	0	1	0	0	0	0	0	0	0	0	12	14	12
OTU_228	0	0	0	2	0	0	2	3	0	0	0	0	1	1	0	1	1	0	1	0	0	1	1	0	0	0	0	17	6	6	0	0	0	0	0	1
OTU_229	0	0	0	0	0	0	1	2	0	0	0	0	0	0	0	0	0	1	0	0	2	0	0	0	0	0	0	39	0	0	0	0	0	20	0	0
OTU_23	3	11	0	146	138	215	151	352	107	17	0	31	70	114	78	13	2	4	41	6	2	86	148	37	51	118	160	310	393	463	18	18	7	43	8	0
OTU_230	0	0	0	3	1	0	24	8	2	0	0	0	0	0	0	0	0	0	0	0	0	0	0	0	0	0	0	0	0	0	0	0	2	0	0	0
OTU_231	0	0	0	2	5	0	0	3	3	1	0	0	0	0	0	0	0	0	0	1	0	0	0	0	0	12	0	8	18	0	0	0	0	0	0	0
OTU_232	0	0	0	0	4	2	2	0	2	1	0	1	0	0	2	0	0	0	0	0	0	8	0	0	8	0	0	25	12	2	0	0	1	0	0	0
OTU_233	0	1	2	7	0	6	0	0	2	0	0	1	4	7	2	0	0	0	0	0	0	3	11	0	50	1	2	4	38	19	1	0	0	1	4	0
OTU_234	1	0	0	0	0	0	0	0	0	0	0	0	1	2	1	0	0	0	0	1	0	0	2	0	1	0	0	0	15	18	0	1	0	0	0	0
OTU_235	0	0	0	0	0	1	0	0	0	0	0	0	0	4	1	0	0	0	0	0	0	2	0	0	0	0	0	0	23	27	1	0	0	6	3	1
OTU_236	0	0	0	8	3	4	6	4	1	0	0	0	0	0	0	1	0	1	0	0	0	6	4	0	0	1	0	4	0	0	0	0	1	0	0	2
OTU_237	0	0	0	0	0	0	0	0	0	0	0	0	0	0	0	4	10	25	0	0	0	0	0	0	0	0	0	0	1	0	0	0	0	0	0	1
OTU_239	0	0	0	4	2	1	7	6	9	0	0	0	2	7	9	0	0	1	1	0	0	19	0	0	0	0	0	14	0	2	0	1	0	4	0	0
OTU_24	0	0	0	11	13	9	5	8	13	330	336	54	0	0	0	0	0	0	0	0	0	10	0	39	1	0	0	2	11	13	153	2112	188	0	0	0
OTU_240	0	0	0	0	1	0	0	0	0	0	0	1	1	0	2	0	0	0	0	0	0	11	7	0	0	0	0	0	0	0	0	0	0	1	3	1
OTU_241	0	0	0	0	0	0	0	0	0	0	0	0	0	0	0	0	0	0	0	0	0	5	12	0	0	0	2	7	15	0	0	0	0	0	0	0
OTU_243	0	0	0	0	4	0	3	0	0	0	0	0	0	0	0	1	0	0	0	0	0	4	19	15	0	0	18	0	10	18	0	1	1	3	4	5
OTU_244	0	0	0	0	0	0	0	0	0	0	0	0	0	0	0	0	0	0	0	0	0	0	7	24	0	0	3	0	10	0	0	0	0	0	0	0
OTU_246	0	0	0	0	0	0	0	0	0	0	0	0	0	0	0	2	0	0	0	0	0	1	0	0	7	0	0	32	0	0	0	0	0	0	0	0
OTU_249	2	8	0	0	10	0	27	11	0	0	0	0	2	0	1	12	4	2	0	0	0	0	2	0	8	2	8	32	36	11	0	0	1	1	0	1
OTU_25	0	0	0	250	224	229	210	195	65	1	0	0	0	0	0	0	1	1	0	0	0	0	0	0	1	1	3	7	24	0	0	0	0	5	5	8
OTU_252	0	0	0	0	0	0	1	4	0	0	0	0	0	0	0	0	0	0	0	0	0	0	6	0	0	27	2	2	0	0	0	0	0	0	0	0
OTU_253	0	0	0	0	0	6	0	1	0	0	0	2	0	0	3	0	0	0	0	0	1	0	3	2	0	56	0	0	5	16	1	1	0	0	0	0
OTU_254	0	0	0	0	0	0	3	1	0	0	0	0	2	1	0	2	0	0	0	0	1	0	0	0	0	55	0	0	26	10	0	0	0	0	0	0
OTU_255	0	0	0	0	2	6	0	2	1	0	0	0	0	0	0	0	0	0	0	0	0	0	0	0	0	0	9	0	0	20	0	0	0	0	0	0
OTU_258	0	0	0	3	0	0	0	0	0	0	0	0	0	0	0	0	0	0	0	0	0	0	0	0	0	0	6	30	2	0	1	0	0	0	0	0
OTU_26	0	0	0	11	8	26	29	14	3	3	3	4	5	6	10	3	1	0	1	1	1	0	0	0	109	144	71	142	198	101	11	5	4	27	14	13
OTU_260	0	0	0	0	0	0	1	1	1	0	0	2	4	1	4	1	0	0	0	0	1	3	4	3	15	1	4	37	55	14	2	0	4	2	1	1
OTU_268	2	0	0	0	0	0	0	0	0	0	0	2	0	0	0	0	2	0	0	0	0	0	0	0	3	0	0	14	23	9	0	0	0	0	0	0
OTU_269	0	0	0	0	0	0	0	0	0	0	0	0	0	0	0	0	0	0	0	0	0	0	0	0	0	0	1	2	6	20	0	0	0	0	0	0
OTU_27	2	3	3	47	30	32	223	124	36	1	0	5	22	49	98	5	3	1	0	0	1	275	317	645	34	5	14	96	158	85	2	29	7	42	45	15
OTU_272	0	0	0	3	1	0	9	2	1	0	0	0	0	0	1	0	0	0	0	0	0	11	1	2	0	2	0	0	0	10	0	0	0	0	0	1
OTU_274	0	0	0	0	0	0	3	0	0	0	0	0	0	0	0	0	0	0	0	0	0	0	0	0	3	0	0	0	0	0	0	0	0	9	10	6
OTU_276	0	0	0	0	0	0	0	0	0	0	0	0	0	0	0	0	0	0	0	0	0	0	0	0	0	0	2	0	0	0	0	0	0	14	16	19
OTU_279	9	9	5	2	3	3	3	0	0	1	3	1	0	0	0	11	13	10	1	0	3	1	0	14	15	0	0	17	22	0	0	1	0	6	0	2
OTU_28	0	0	0	4	3	4	21	0	2	24	2	7	0	3	7	3	0	2	6	5	9	0	10	0	36	15	229	273	382	102	7	2	2	31	17	14
OTU_280	11	1	1	0	0	0	0	0	0	0	0	0	0	0	0	12	11	5	0	0	0	0	0	0	0	0	0	0	0	0	0	0	0	0	0	0
OTU_281	1	0	0	0	0	0	0	1	0	0	0	0	0	0	0	2	0	1	0	0	0	0	0	3	0	0	0	0	0	0	0	0	0	0	0	0
OTU_282	7	6	9	0	0	0	14	0	0	0	0	0	0	0	0	1	0	2	0	0	0	1	0	0	0	0	0	0	4	0	0	0	0	0	0	0
OTU_283	0	0	0	3	1	3	2	3	1	0	1	0	1	1	1	0	0	0	0	0	0	1	1	0	0	0	0	0	2	3	0	0	0	0	0	0
OTU_284	0	1	0	1	0	2	2	2	0	0	1	0	0	0	0	0	0	0	0	0	0	1	1	0	0	0	0	4	0	0	0	0	1	2	0	1
OTU_285	0	0	0	5	14	10	5	20	2	0	0	0	0	0	0	0	0	0	0	0	0	0	0	0	0	0	0	0	0	0	0	0	0	0	0	0
OTU_286	0	0	0	11	6	1	6	6	0	0	0	1	0	0	0	0	0	0	0	0	0	0	0	0	0	0	0	0	0	0	0	0	0	0	0	0
OTU_287	0	0	0	3	0	8	6	1	1	0	0	0	0	0	0	0	0	0	0	0	0	0	0	0	0	0	0	0	7	0	0	0	0	0	0	0
OTU_288	0	0	0	1	1	0	3	2	6	0	0	0	0	0	0	0	0	0	0	0	0	0	0	0	2	0	0	0	4	0	0	0	0	0	0	0
OTU_289	0	0	0	4	8	1	0	3	0	0	0	0	0	0	0	0	0	0	0	0	0	0	0	0	0	0	0	0	0	0	0	0	0	0	0	0
OTU_29	0	0	0	10	2	10	33	1	2	4	0	1	3	7	7	3	0	1	1	5	4	0	0	0	204	83	129	366	76	34	6	9	2	16	9	13
OTU_290	0	0	0	8	0	1	0	0	0	0	0	0	0	0	0	0	0	0	0	0	0	0	4	0	12	1	0	2	0	6	0	0	0	0	0	0
OTU_292	0	0	0	4	0	0	1	8	3	0	0	0	0	0	0	0	0	0	0	0	0	0	0	0	0	0	0	0	0	0	0	0	0	0	0	0
OTU_293	0	0	0	5	0	6	0	0	0	1	0	0	0	2	0	0	0	0	0	0	0	0	0	0	0	0	0	0	0	0	0	0	0	0	0	0
OTU_295	0	0	0	4	5	2	0	4	4	0	1	2	0	0	2	0	0	1	0	1	0	138	0	15	0	0	0	17	6	0	1	1	0	0	0	0
OTU_296	0	0	0	3	0	0	0	0	2	0	0	0	0	0	4	0	0	0	0	0	0	8	0	0	0	0	17	1	0	0	0	0	1	1	0	0
OTU_297	0	0	0	0	6	0	0	1	0	0	0	0	0	0	0	0	0	0	0	0	0	0	0	0	72	0	0	0	0	0	0	0	0	1	0	0
OTU_298	0	0	0	3	3	2	11	11	1	0	0	0	0	0	0	0	0	0	0	0	0	5	6	1	1	0	0	0	8	10	0	1	0	0	0	3
OTU_299	0	0	0	0	3	0	5	0	0	0	0	0	0	0	0	0	0	0	0	0	0	0	0	0	1	0	0	0	7	0	0	0	1	0	0	0
OTU_30	1	6	0	25	32	50	30	20	51	1	5	13	11	31	29	8	0	2	2	7	1	192	118	120	30	114	150	155	353	329	11	6	4	28	20	4
OTU_300	0	0	0	0	3	8	0	0	0	0	0	0	0	0	0	0	0	0	0	0	0	0	0	0	0	0	2	1	0	0	1	0	0	0	0	0
OTU_301	0	0	0	20	9	8	8	2	0	0	0	0	0	0	0	0	0	0	0	0	0	0	0	0	1	0	0	0	0	0	0	0	0	0	0	0
OTU_304	0	0	0	10	11	10	13	21	3	0	0	0	0	0	1	0	0	0	0	0	0	2	0	1	0	5	0	0	2	0	0	0	0	0	0	0
OTU_307	0	0	0	0	4	0	3	1	3	0	0	0	0	0	0	0	0	0	0	0	0	2	0	0	0	0	0	0	0	0	0	0	0	0	0	0
OTU_309	0	0	0	0	1	0	12	9	0	1	0	0	0	0	0	0	0	0	0	0	0	9	0	0	3	2	0	0	0	0	0	0	0	0	0	0
OTU_31	0	0	0	207	112	131	115	172	46	1	1	2	2	3	1	1	0	0	1	1	1	6	0	0	3	0	0	7	0	15	0	1	0	3	1	1
OTU_311	0	0	0	2	0	10	2	0	1	0	0	0	0	0	0	0	0	0	0	0	0	0	0	0	0	0	0	0	0	0	0	0	0	1	3	0
OTU_314	0	0	0	0	0	4	2	2	0	0	0	0	0	0	7	0	0	0	0	0	0	0	2	0	0	0	0	0	0	3	0	0	0	0	0	0
OTU_316	0	0	0	3	0	3	7	6	0	0	0	4	0	0	0	0	0	0	0	0	0	0	0	0	0	0	0	10	10	0	0	0	0	5	7	6
OTU_317	0	0	0	0	1	5	0	0	3	0	0	0	6	15	10	0	0	0	0	0	0	2	0	0	0	0	0	0	0	0	1	0	0	0	0	0
OTU_32	4	3	1	54	23	86	30	51	24	2	0	7	40	69	72	2	0	0	1	1	0	45	82	17	3	116	58	167	285	254	20	9	3	11	0	0
OTU_320	0	0	0	2	0	0	18	6	1	0	0	0	0	1	0	0	0	0	0	0	0	2	0	7	2	0	0	33	0	0	0	0	0	2	4	3
OTU_329	0	0	0	1	5	0	4	5	0	0	0	0	0	0	0	0	0	0	0	0	0	0	4	0	0	0	0	0	1	0	0	0	0	0	1	2
OTU_33	0	0	1	3	1	3	9	7	3	8	0	1	2	0	15	0	0	0	1	0	2	15	0	2	2	30	79	375	111	112	1	3	0	12	7	7
OTU_336	0	0	0	0	0	0	25	5	0	0	0	0	0	0	0	1	1	0	0	0	0	0	0	0	1	1	0	0	0	0	0	0	0	0	0	0
OTU_337	0	0	0	3	0	0	10	11	0	0	0	0	0	0	0	1	0	0	0	0	0	0	0	0	2	0	0	0	0	0	0	0	0	0	0	0
OTU_34	0	0	0	24	19	29	28	10	7	4	4	5	8	4	5	0	0	0	1	0	0	0	0	0	1	0	0	0	0	0	33	21	25	514	592	567
OTU_341	1	0	0	0	0	0	26	0	0	0	0	1	0	0	0	1	0	0	0	0	0	0	0	0	1	0	0	0	5	0	0	0	0	0	0	0
OTU_342	0	0	0	3	2	7	7	11	2	0	0	1	0	0	0	0	0	0	0	0	0	0	0	0	0	0	0	0	0	0	0	0	1	1	1	1
OTU_343	0	0	0	0	1	0	6	2	0	0	0	0	0	0	0	0	2	0	0	0	0	0	0	0	1	0	0	6	4	0	0	1	0	0	0	0
OTU_345	0	0	0	0	0	0	5	6	0	0	0	0	0	0	0	0	0	0	0	0	0	6	0	0	0	1	0	0	0	0	0	0	0	0	0	0
OTU_347	0	0	0	0	1	2	2	0	2	0	0	1	0	0	0	0	0	0	0	0	0	6	0	0	0	0	0	0	0	0	1	0	0	0	0	0
OTU_349	0	0	0	1	0	0	4	1	0	0	0	0	0	0	0	0	0	0	0	0	0	0	0	0	0	1	0	13	0	0	0	0	0	0	0	0
OTU_35	1	5	1	26	18	42	28	29	34	3	1	7	28	36	62	6	0	0	1	1	1	37	63	42	18	95	44	165	379	449	18	9	7	11	8	7
OTU_350	0	1	1	1	0	0	14	0	1	1	0	0	3	2	6	0	0	0	1	0	0	0	0	0	0	0	0	5	0	0	0	0	0	0	0	0
OTU_351	0	0	0	0	0	0	10	1	0	0	0	0	0	0	0	0	0	0	0	0	0	0	0	0	1	0	0	11	0	0	0	0	0	0	0	0
OTU_352	6	5	1	0	0	0	11	3	0	0	0	0	0	0	0	2	0	0	0	0	0	4	0	6	3	0	0	3	7	8	0	0	0	0	0	0
OTU_353	0	0	1	2	4	0	27	6	0	1	0	0	3	0	1	0	0	1	0	0	0	2	0	0	0	0	0	8	13	0	0	0	1	1	0	0
OTU_356	0	0	0	1	0	2	3	1	0	0	0	1	0	0	0	0	0	0	0	0	0	0	0	0	1	0	0	0	0	0	0	0	0	0	0	0
OTU_359	0	0	0	42	31	43	56	45	40	1	1	0	0	0	2	0	0	0	0	0	0	0	0	2	6	1	0	8	1	10	0	1	0	1	0	0
OTU_36	0	0	0	4	3	17	7	3	1	11	0	4	0	3	11	1	0	0	0	0	1	18	0	0	239	1	43	76	41	20	3	1	0	7	5	6
OTU_361	0	0	0	0	1	0	0	4	0	0	0	1	0	0	0	0	0	0	0	0	0	0	0	0	0	0	0	0	0	0	0	0	0	5	4	5
OTU_363	0	0	0	0	0	0	0	4	0	2	0	0	0	0	0	0	0	0	0	0	0	0	0	0	0	0	0	0	0	0	0	0	0	0	1	5
OTU_365	0	0	0	3	3	2	1	8	0	0	1	1	0	2	2	0	0	0	0	0	0	3	0	0	0	0	0	0	4	0	0	2	0	7	3	1
OTU_367	0	0	1	6	9	13	78	33	4	1	0	2	3	4	5	1	0	0	0	1	0	4	22	0	58	5	22	56	41	45	2	3	1	11	2	7
OTU_368	0	0	0	5	3	1	9	5	2	2	2	2	4	5	3	0	0	0	0	0	0	3	0	0	2	18	2	0	4	0	1	0	0	10	13	7
OTU_369	0	0	0	1	0	3	2	0	12	0	3	0	0	1	0	0	0	0	0	0	0	0	0	0	0	0	0	0	0	0	0	0	0	0	0	0
OTU_37	0	0	0	117	109	72	208	107	35	0	0	1	1	0	0	2	0	1	2	0	0	3	10	2	5	1	0	9	6	0	0	0	1	0	0	1
OTU_370	0	0	0	1	0	1	2	0	21	0	0	0	0	0	0	0	0	0	0	0	0	7	0	0	0	0	0	0	7	0	0	0	0	0	0	0
OTU_371	0	0	0	0	0	0	5	5	6	0	0	1	0	0	0	0	0	0	0	0	0	0	0	0	0	0	0	0	0	0	0	0	0	0	0	0
OTU_372	0	0	0	0	3	0	3	0	2	0	2	0	0	0	0	0	0	0	0	0	0	0	0	0	0	0	0	0	0	0	0	0	0	1	0	2
OTU_373	0	0	0	0	0	1	0	0	0	1	0	0	1	0	0	0	0	0	0	0	1	0	0	0	0	0	0	3	0	0	0	0	0	0	0	0
OTU_374	0	0	0	11	0	0	0	0	1	33	130	0	0	0	2	0	0	0	0	0	0	0	0	0	0	0	0	0	1	0	2	15	7	0	0	0
OTU_375	0	0	0	0	0	0	0	0	0	0	0	1	1	1	0	0	0	0	0	0	0	0	0	2	0	0	2	6	0	0	0	0	0	1	0	0
OTU_376	0	0	0	0	0	0	0	0	0	0	0	0	1	0	0	0	0	0	0	0	0	0	0	0	0	0	0	0	0	0	0	0	0	8	3	6
OTU_379	0	0	0	0	0	0	0	0	0	0	0	0	2	1	0	0	0	0	0	0	0	0	0	0	0	0	4	0	0	0	0	0	0	3	6	7
OTU_38	1	0	3	0	0	3	5	0	66	45	40	392	0	0	0	1	5	1	1	0	0	6	0	1	21	0	0	28	62	15	15	318	132	12	7	7
OTU_382	0	0	0	0	2	0	0	0	0	0	0	0	0	0	2	0	0	0	0	0	0	0	0	0	0	0	1	3	0	0	0	0	0	4	3	1
OTU_384	0	1	0	6	2	1	52	8	6	0	0	3	2	4	3	0	0	0	1	0	0	23	2	6	1	0	4	16	3	6	0	0	0	8	4	4
OTU_385	0	0	0	1	0	0	8	0	0	0	0	0	1	0	1	1	0	0	0	0	0	3	0	0	7	0	0	0	8	2	1	0	0	4	1	5
OTU_387	0	0	0	0	5	1	3	0	0	4	1	1	2	4	7	1	0	0	2	0	0	27	0	0	25	0	0	9	8	0	1	0	0	0	0	1
OTU_388	0	0	0	0	0	0	0	0	0	0	0	0	0	0	0	2	1	5	0	0	0	0	0	0	0	0	0	7	1	3	0	0	0	0	0	0
OTU_39	0	0	0	4	0	7	8	6	4	0	0	1	1	1	4	0	0	0	0	0	0	1	7	0	552	222	11	50	49	11	1	0	0	12	2	3
OTU_393	1	3	0	8	8	4	2	6	8	2	1	6	16	29	34	46	7	38	1	0	3	42	60	31	20	9	6	13	19	19	2	2	3	33	8	3
OTU_394	0	0	0	0	0	0	0	1	2	0	0	0	0	1	0	0	0	0	2	0	0	0	0	0	0	0	6	3	13	0	0	0	0	1	0	0
OTU_395	0	0	0	1	1	3	2	5	2	0	1	0	1	2	2	0	0	0	0	0	0	12	13	10	0	0	1	0	5	3	0	0	0	0	0	0
OTU_396	0	0	0	0	0	0	0	0	0	0	0	0	0	0	0	0	0	0	0	0	0	5	0	0	0	0	0	2	1	0	0	0	0	3	10	10
OTU_397	0	0	0	0	0	0	0	0	0	0	0	2	0	0	0	0	0	0	1	0	0	28	0	1	0	0	0	0	0	0	0	0	0	0	0	0
OTU_4	53	77	89	1612	1480	2390	1664	1508	1269	258	201	567	491	1027	719	178	68	51	172	165	184	1798	2561	35	5233	5551	8023	5042	7400	7972	563	466	258	3309	2156	1690
OTU_40	0	2	0	36	11	49	12	13	24	2	3	7	11	25	23	4	2	2	1	1	1	8	16	0	8	232	49	35	144	146	0	5	3	13	8	6
OTU_402	0	0	0	2	10	2	2	6	0	0	0	0	0	1	0	0	0	0	0	0	0	10	0	0	0	0	0	0	0	0	2	0	0	0	0	0
OTU_406	0	0	0	0	4	0	0	0	0	0	0	0	0	0	2	0	0	0	0	0	0	7	0	11	0	0	0	0	0	0	0	0	0	0	0	0
OTU_407	0	0	0	1	0	0	0	0	1	0	0	0	0	0	0	0	0	0	0	0	0	12	0	0	0	0	1	0	2	2	0	0	0	1	1	0
OTU_409	2	0	0	0	0	0	0	0	0	0	1	0	0	0	1	1	0	4	0	0	0	10	0	2	4	1	0	2	4	0	0	0	0	0	0	0
OTU_41	0	2	0	10	29	31	45	15	1	4	2	7	18	33	33	6	0	0	0	0	0	46	30	5	0	40	31	86	126	157	4	5	0	6	0	0
OTU_410	0	0	0	2	0	1	7	4	2	3	0	1	2	6	5	1	0	0	0	0	0	10	5	0	12	6	1	15	9	4	0	1	0	11	17	23
OTU_411	0	0	0	0	0	0	5	1	0	0	0	0	0	0	1	0	0	0	0	0	0	7	11	0	0	0	0	0	10	0	0	0	0	0	0	0
OTU_412	0	0	0	0	0	0	2	0	0	0	0	0	0	0	0	0	0	0	0	0	0	0	17	0	0	0	0	0	3	0	0	0	0	3	2	3
OTU_418	0	0	0	0	0	0	4	0	0	0	0	0	0	0	0	0	0	0	0	0	0	0	0	64	0	0	0	0	3	8	0	0	0	0	0	0
OTU_419	1	0	0	0	0	0	1	0	0	0	0	0	0	0	0	0	0	0	0	0	0	0	0	12	0	0	0	10	2	0	0	0	0	0	0	0
OTU_42	0	1	2	21	40	52	47	27	16	6	1	8	29	57	64	1	0	0	1	3	3	54	63	14	34	63	51	140	150	191	12	11	6	23	10	3
OTU_420	0	0	0	0	1	0	0	0	0	3	7	0	0	0	1	0	0	0	0	0	0	0	0	11	0	0	0	0	0	0	0	2	0	0	0	1
OTU_421	0	0	0	0	0	0	1	0	0	0	0	0	0	0	0	2	0	1	1	0	0	0	0	9	0	0	0	0	0	0	0	0	0	0	0	0
OTU_422	0	0	0	0	0	0	0	0	1	0	0	0	0	0	0	0	0	0	0	0	0	1	0	3	0	0	0	1	5	1	0	0	0	0	0	0
OTU_426	0	0	0	0	0	0	0	0	0	0	0	0	0	0	0	0	0	0	0	0	0	0	2	0	14	0	0	1	10	0	0	0	0	5	0	3
OTU_427	0	0	0	0	0	0	1	0	0	0	1	2	0	0	0	1	0	0	0	0	0	0	0	2	2	0	0	0	0	5	0	2	0	0	0	0
OTU_43	1	1	0	27	68	87	52	16	22	2	1	11	16	37	24	1	0	0	0	1	1	27	15	3	1	1	21	11	31	45	6	5	3	55	68	69
OTU_430	0	1	0	0	0	1	0	0	0	0	0	0	0	0	2	0	0	0	0	0	0	0	0	0	0	18	2	9	0	0	0	0	0	0	0	0
OTU_432	0	0	0	2	0	0	0	0	0	0	0	1	0	0	0	0	0	0	0	0	0	6	0	0	0	24	0	0	1	0	0	0	0	2	1	0
OTU_433	0	0	0	1	0	0	3	2	1	0	0	0	0	1	0	0	0	0	0	0	0	0	0	0	1	0	4	0	0	26	0	0	0	0	0	0
OTU_434	0	0	0	0	0	3	0	0	1	0	0	1	1	1	1	0	0	0	1	0	0	1	6	0	0	0	7	4	5	7	0	0	0	0	0	0
OTU_435	0	0	0	3	0	0	0	0	0	0	0	0	0	0	0	0	0	0	0	0	0	0	0	2	0	0	6	5	4	6	0	0	0	3	0	0
OTU_436	0	0	0	2	1	1	0	0	0	0	0	0	0	0	0	0	0	0	0	0	0	0	0	0	0	0	26	0	2	3	0	0	0	0	0	0
OTU_438	0	0	0	8	4	9	15	11	3	0	0	0	4	1	3	1	0	0	0	0	0	6	0	1	0	0	28	56	10	9	1	0	0	6	5	10
OTU_44	1	5	4	48	32	73	101	44	24	5	3	20	19	28	23	3	6	4	4	2	5	53	53	29	48	268	111	285	132	259	7	11	7	17	12	6
OTU_440	0	0	0	0	1	0	0	0	0	0	0	0	0	1	0	0	0	0	0	0	0	0	0	0	0	0	0	14	0	0	0	0	0	1	3	0
OTU_443	0	0	0	0	0	2	1	1	0	0	0	0	1	0	0	0	0	0	0	0	0	6	0	0	0	2	4	4	3	11	2	0	0	4	3	11
OTU_447	0	0	0	0	2	0	0	0	0	0	0	0	0	0	0	0	0	0	0	0	0	0	0	0	1	0	1	9	0	17	0	0	0	2	0	0
OTU_449	0	0	0	0	0	1	0	0	0	0	0	0	0	0	2	0	0	0	0	1	0	0	0	0	0	0	0	8	0	0	0	0	0	0	0	0
OTU_45	0	0	0	9	2	1	14	4	0	6	0	2	3	0	6	1	0	0	1	4	7	6	0	20	113	4	81	264	111	26	3	1	1	8	8	6
OTU_450	0	0	0	0	0	0	1	0	0	0	0	0	6	1	1	0	0	0	0	0	0	6	0	0	1	0	2	6	1	9	0	0	0	0	0	0
OTU_451	0	0	0	9	2	1	2	4	0	2	0	1	0	0	0	0	0	0	0	0	0	0	0	0	12	13	10	17	23	17	0	0	0	0	0	0
OTU_452	0	0	0	0	1	0	0	4	0	0	0	0	0	0	0	0	0	0	0	0	0	0	2	0	0	0	0	13	0	0	0	0	0	0	1	0
OTU_455	0	0	0	0	0	0	0	0	0	0	0	1	0	0	0	0	2	0	0	0	0	0	0	1	0	0	0	3	0	28	0	0	0	1	0	0
OTU_456	0	0	0	1	0	0	0	2	1	0	0	0	0	1	0	0	0	0	0	0	2	2	6	1	0	0	1	15	10	0	0	0	0	6	0	2
OTU_46	0	0	0	41	45	41	225	94	113	7	5	14	4	16	26	6	1	0	199	1	0	15	12	11	13	9	19	135	266	129	1	1	9	24	31	28
OTU_460	0	0	0	0	1	0	0	1	0	0	0	0	0	1	0	0	0	0	0	0	0	0	0	0	0	0	3	18	0	2	0	0	0	9	3	3
OTU_462	0	0	0	0	0	0	6	0	0	0	0	0	0	1	0	0	0	0	0	0	0	0	0	0	0	0	6	14	0	0	0	0	0	0	0	0
OTU_464	0	0	0	0	1	2	0	1	0	0	0	0	0	2	0	0	0	0	0	0	0	0	2	0	0	0	0	16	0	0	0	0	0	1	0	0
OTU_468	0	0	0	0	1	0	0	0	0	0	0	0	0	0	0	0	0	0	0	1	0	0	0	0	0	0	0	13	15	6	0	0	0	4	1	0
OTU_47	0	0	0	820	83	26	0	2	3	217	1112	13	0	2	0	0	0	0	1	1	0	2	0	0	1	0	0	9	4	0	28	41	48	2	4	1
OTU_470	0	0	0	0	7	0	0	1	0	1	0	0	0	0	0	0	0	0	0	0	0	0	0	0	0	1	0	0	16	14	0	0	0	2	1	3
OTU_472	7	3	1	0	0	0	2	3	0	0	0	0	0	0	0	1	2	0	0	0	0	0	0	0	1	0	0	0	13	0	0	1	0	0	0	0
OTU_478	0	0	0	1	1	0	1	2	1	0	0	0	0	1	0	0	0	0	1	0	0	0	1	0	0	0	2	2	10	0	1	0	0	3	0	1
OTU_48	0	2	0	24	11	26	39	12	16	1	0	4	6	17	10	2	2	0	4	0	4	6	37	30	115	58	91	228	86	110	1	8	2	18	7	1
OTU_486	0	0	0	0	3	0	2	3	0	0	0	0	0	0	0	0	0	0	0	0	0	1	0	0	1	0	0	0	10	0	0	0	0	0	0	1
OTU_488	1	0	0	0	0	0	7	0	0	0	0	0	0	0	0	0	0	0	0	0	0	0	0	2	0	0	0	0	7	1	0	0	0	0	0	0
OTU_489	0	0	0	1	0	0	1	0	2	0	0	1	0	0	0	0	0	0	0	0	0	3	0	0	0	0	3	0	13	24	0	0	0	0	0	0
OTU_49	0	0	0	76	86	50	67	77	22	0	0	0	1	0	4	1	0	0	1	0	0	0	0	3	0	0	2	52	25	16	0	1	0	2	0	1
OTU_496	0	0	0	0	1	0	2	1	0	0	0	0	0	0	0	0	0	0	0	0	0	0	0	0	0	0	0	0	1	26	0	0	0	1	0	0
OTU_5	41	42	29	390	364	766	540	427	292	47	2	210	444	956	836	48	18	11	41	52	66	747	928	323	1249	1193	1351	2323	2728	3695	154	123	94	649	259	28
OTU_50	0	0	0	5	4	9	20	17	8	3	17	2	2	3	5	3	0	0	23	1	0	4	18	52	8	19	32	53	48	40	7	1	2	134	134	148
OTU_501	0	0	0	0	0	0	0	0	0	0	0	0	0	0	0	0	0	0	0	0	0	0	0	0	0	0	0	0	0	14	0	0	0	2	4	4
OTU_503	0	0	0	0	0	0	0	0	0	0	0	0	0	0	0	0	0	0	0	0	0	0	0	0	3	0	0	1	2	11	0	0	0	0	0	0
OTU_505	0	0	0	1	2	0	0	1	1	0	0	1	0	0	0	0	0	0	0	0	0	0	0	0	0	0	0	15	5	8	2	0	0	0	0	0
OTU_506	0	0	0	0	0	0	1	2	0	0	0	0	1	4	0	0	0	0	0	0	0	1	0	0	0	0	0	0	0	18	0	1	0	3	0	0
OTU_51	0	2	0	7	44	50	2	11	16	1	0	2	12	4	7	1	0	0	1	0	1	35	17	2	0	0	21	34	96	72	5	2	0	11	3	10
OTU_510	0	0	0	2837	3307	1756	1224	1366	2342	3827	5693	4171	5472	4202	5466	0	0	2	0	2	1	0	0	0	20	10	0	1	0	0	5686	3917	5939	3350	3585	3806
OTU_511	0	0	0	1	2	0	0	2	0	1	2	0	1	1	1	0	0	0	0	0	0	0	0	0	0	0	0	0	0	0	2	0	2	3	1	2
OTU_512	0	0	0	1	0	0	0	0	0	0	0	0	0	0	0	0	0	0	0	0	0	0	0	0	1	0	0	0	0	0	0	0	0	1	1	0
OTU_515	0	0	0	1	0	0	0	0	0	0	0	0	0	0	0	0	0	0	0	0	0	0	0	0	0	0	0	0	0	0	0	0	0	3	3	1
OTU_517	0	0	0	0	1	2	0	0	0	2	0	0	0	0	2	0	0	0	0	0	0	0	0	0	0	0	0	0	0	0	0	0	0	6	2	4
OTU_519	0	0	0	0	0	0	1	0	1	0	0	0	0	0	0	0	0	0	0	0	1	2	0	0	0	0	1	4	3	1	0	0	0	3	1	1
OTU_52	1	0	0	37	15	14	155	93	15	6	1	1	1	1	7	8	0	0	1	0	0	98	29	0	51	38	0	16	6	0	1	0	0	13	4	7
OTU_520	0	0	0	0	0	0	0	0	0	1	0	0	0	0	0	0	0	0	0	0	0	2	0	0	0	0	1	1	0	0	0	0	0	7	6	7
OTU_523	0	0	0	2	3	2	2	3	2	2	2	2	0	3	0	0	0	0	0	0	0	0	0	0	0	0	0	0	0	0	2	3	1	3	0	1
OTU_528	0	0	0	0	0	0	0	0	0	1	1	0	0	0	0	0	0	0	0	0	0	0	0	0	0	0	0	0	0	0	0	0	0	2	1	0
OTU_529	0	0	0	0	1	0	1	2	0	1	0	3	0	1	0	0	0	0	0	0	0	2	0	0	0	0	1	2	0	5	0	0	0	2	3	0
OTU_53	0	0	1	0	0	0	0	3	1	0	3	0	0	0	0	0	0	0	0	0	0	0	0	11	0	0	25	116	277	96	4	0	0	0	0	0
OTU_531	0	0	0	0	7	5	2	2	5	5	5	11	7	4	5	0	0	0	0	0	0	0	0	0	0	0	0	0	0	0	7	2	4	6	6	3
OTU_54	0	0	0	7	2	9	0	3	4	3	1	2	1	0	8	3	0	1	3	1	3	0	0	0	4	14	59	118	60	31	3	3	2	4	5	3
OTU_547	0	0	0	0	1	3	1	1	2	1	0	0	1	3	1	0	0	0	0	0	0	0	0	0	0	0	0	0	0	0	2	2	2	3	1	1
OTU_55	1	0	1	10	7	16	12	14	4	0	0	2	13	7	11	0	0	0	1	0	3	9	33	2	84	29	39	31	104	116	3	5	2	14	6	0
OTU_553	0	0	0	1	0	1	0	0	0	0	0	1	0	0	0	0	0	0	0	0	0	0	0	0	0	0	0	0	0	0	0	0	0	1	0	2
OTU_554	0	0	0	0	0	0	0	1	0	1	0	0	0	0	0	0	0	0	0	0	0	0	0	0	0	0	0	0	0	0	1	0	0	1	0	1
OTU_556	0	0	0	339	361	182	111	126	172	299	442	301	469	343	505	0	0	1	0	0	0	0	0	0	1	0	0	0	0	0	517	350	614	393	427	512
OTU_557	0	0	0	12	3	4	5	2	8	7	7	6	8	8	12	0	0	0	0	0	0	0	0	0	0	0	0	0	0	0	25	15	18	9	9	14
OTU_558	0	0	0	249	350	159	93	121	136	257	340	249	317	249	373	0	0	0	0	0	0	0	0	0	0	0	0	0	0	0	210	154	284	364	407	413
OTU_56	0	0	0	3	0	0	0	0	0	0	0	0	3	0	1	0	2	0	0	0	0	0	0	0	0	0	12	90	1	5	0	0	0	1	0	0
OTU_560	0	1	0	0	0	0	0	0	0	0	0	0	0	0	0	0	0	0	0	0	0	0	0	0	0	0	0	0	0	0	0	0	0	4	10	6
OTU_563	0	0	0	0	0	1	0	0	0	0	0	0	0	0	0	0	0	0	0	0	0	0	0	0	0	0	0	1	0	1	0	0	0	1	1	0
OTU_565	0	0	0	4	5	3	4	0	1	1	0	1	1	0	1	0	0	0	0	0	0	0	0	0	0	0	0	0	0	0	11	10	5	4	3	2
OTU_566	0	0	0	0	0	1	1	0	0	1	4	2	2	0	1	0	0	0	0	0	0	0	0	0	0	0	0	0	0	0	0	0	0	1	1	1
OTU_57	0	0	0	0	0	0	1	0	0	0	0	0	0	0	0	0	0	0	0	0	0	0	0	0	0	1	0	0	171	52	0	0	0	0	0	0
OTU_571	0	0	0	1	1	2	1	2	1	5	1	1	1	3	0	0	0	0	0	0	0	0	0	0	0	0	0	0	0	0	0	0	0	1	2	2
OTU_572	0	0	0	0	0	0	7	0	0	0	0	0	0	0	0	0	0	0	0	0	0	0	0	0	0	0	0	0	0	0	0	0	0	3	2	3
OTU_576	0	0	0	0	0	0	2	0	0	0	0	0	2	0	0	1	0	0	0	0	0	3	0	0	0	0	0	0	2	1	0	1	0	10	7	5
OTU_58	0	2	1	34	19	33	22	26	11	2	0	4	25	41	23	5	2	0	1	2	1	18	46	7	3	46	54	143	88	102	8	9	3	10	4	0
OTU_584	0	0	0	3	4	5	1	3	7	8	5	8	10	7	10	0	0	0	0	0	0	0	0	0	0	0	0	0	0	0	5	2	5	4	4	9
OTU_588	0	0	0	39	26	22	15	7	16	26	62	42	53	57	45	0	0	0	0	0	0	0	0	0	0	0	0	0	0	0	47	22	38	35	40	48
OTU_59	0	0	0	4	3	5	2	1	10	0	0	0	0	0	0	0	0	0	0	0	0	0	0	0	0	0	0	0	0	0	0	1	0	171	160	166
OTU_590	2	0	0	0	0	0	3	3	0	0	0	0	0	0	0	0	0	0	0	0	0	0	0	0	0	0	0	0	0	0	0	0	0	1	2	3
OTU_595	0	0	0	36	45	50	31	33	49	45	45	47	48	48	44	0	0	0	0	0	0	0	0	0	0	0	0	0	0	0	142	112	126	46	42	54
OTU_596	0	0	0	1	0	0	0	0	0	0	0	0	0	0	0	0	0	0	0	0	0	0	1	0	0	0	0	1	0	0	0	0	0	0	1	1
OTU_597	0	0	0	0	1	0	0	3	4	0	0	0	0	0	0	0	0	0	0	0	0	0	11	3	0	0	0	3	0	0	0	0	0	6	11	4
OTU_598	0	0	0	0	1	0	1	0	0	0	0	0	0	0	0	0	0	0	0	0	0	0	0	0	0	0	0	0	0	0	0	0	0	0	1	1
OTU_599	0	0	0	0	0	0	1	0	1	0	0	0	0	0	0	0	0	0	0	0	0	0	0	0	0	0	0	0	0	0	0	0	0	0	2	2
OTU_6	14	33	12	398	308	532	428	326	239	45	13	124	304	554	537	896	550	669	55	108	37	690	1856	739	5849	2215	1031	1226	1373	1808	102	112	53	1029	578	107
OTU_60	0	3	2	19	23	23	101	49	19	1	0	2	7	9	12	1	0	1	0	0	3	7	1	0	90	18	54	94	69	94	3	3	2	10	6	2
OTU_600	0	0	0	29	33	7	0	0	148	202	17	229	0	0	0	0	0	0	0	0	0	0	0	0	0	0	0	0	0	0	68	166	29	13	15	19
OTU_601	0	0	0	8	5	10	7	1	3	9	4	5	6	0	3	0	0	0	0	0	0	0	0	0	0	0	0	0	0	0	2	2	5	6	7	4
OTU_605	0	0	0	0	2	0	2	0	0	1	0	1	0	0	0	0	0	0	0	0	0	0	0	0	0	0	0	2	0	0	0	0	0	1	2	2
OTU_61	1	1	2	8	8	49	24	21	8	2	1	0	14	25	18	1	0	2	2	1	5	15	34	1	82	4	35	78	92	129	9	1	4	31	12	8
OTU_612	0	0	0	0	0	0	0	0	0	0	0	1	0	0	0	0	0	0	0	0	0	0	0	0	0	0	0	0	0	0	0	0	0	1	2	1
OTU_613	0	0	0	0	1	0	0	0	0	0	0	0	0	0	0	0	0	0	0	0	0	0	0	0	0	0	0	0	0	0	0	0	0	1	1	3
OTU_614	0	0	0	1	0	0	0	0	1	0	1	1	0	0	0	0	0	0	0	0	0	0	0	0	0	0	0	0	0	0	0	0	0	0	1	1
OTU_616	0	0	0	6	8	4	1	3	1	5	3	1	2	3	2	0	0	0	0	0	0	0	0	0	0	0	0	0	0	0	4	0	3	5	6	3
OTU_62	0	0	1	53	18	15	6	6	0	1	1	5	1	5	8	0	0	0	0	0	1	0	0	0	0	2	0	0	31	25	0	1	0	10	5	7
OTU_620	0	0	0	3	1	6	1	5	21	9	16	12	10	13	9	0	0	0	0	0	0	0	0	0	0	1	0	0	0	0	1	3	0	4	4	4
OTU_621	0	0	0	4	1	3	3	0	2	0	2	1	2	2	0	0	0	0	0	0	0	0	0	0	0	0	0	0	0	0	1	0	0	0	3	2
OTU_623	0	0	0	0	1	3	0	0	0	0	0	0	0	0	0	0	0	0	0	0	0	0	0	0	0	0	0	0	0	0	0	0	0	2	0	4
OTU_624	0	0	0	2	2	0	6	12	3	0	0	0	0	0	0	0	0	0	1	0	0	0	0	0	0	0	0	5	0	0	0	0	0	1	2	3
OTU_63	1	0	1	7	13	2	57	38	2	5	1	5	4	3	4	1	0	1	148	1	2	107	196	249	29	24	0	101	95	46	0	0	1	6	7	4
OTU_64	11	0	1	0	0	0	1	0	0	0	0	0	0	0	0	33	72	94	0	0	0	8	15	18	2	0	0	0	0	0	0	0	0	0	0	0
OTU_65	0	0	0	1	0	4	1	0	0	0	0	1	0	0	1	0	0	0	0	0	0	29	57	37	7	0	26	21	67	40	0	0	1	1	0	0
OTU_66	0	0	1	0	1	4	52	4	0	0	0	4	0	5	15	0	0	0	1	0	0	0	5	0	54	0	51	3	84	25	0	0	0	1	0	1
OTU_67	0	0	0	17	12	6	63	39	61	1	0	1	3	2	3	0	0	0	0	0	0	5	0	0	2	0	0	13	13	0	0	0	0	2	1	1
OTU_68	0	0	0	46	62	30	26	18	20	0	0	2	2	3	0	0	0	0	0	0	0	0	0	0	15	0	0	8	68	7	0	0	0	0	0	0
OTU_69	0	0	0	6	6	2	9	2	2	0	1	4	2	4	6	1	1	0	2	2	0	17	50	44	1	0	23	206	82	34	2	16	9	2	5	3
OTU_7	24	21	3	306	280	536	400	310	267	46	56	147	85	166	174	38	15	7	43	30	22	395	617	4	359	1195	974	1263	2137	1810	182	118	66	546	343	339
OTU_70	0	0	0	0	0	0	2	0	0	0	0	1	0	0	3	0	0	0	0	0	0	0	0	0	18	0	15	36	6	32	0	0	0	1	2	0
OTU_71	1	0	0	6	4	34	31	14	0	0	0	1	0	0	4	3	0	2	16	0	0	0	7	4	14	71	15	207	86	64	0	2	0	6	6	4
OTU_72	0	0	0	0	0	132	0	0	4	1	0	2	0	0	1	0	0	0	0	0	0	9	0	0	0	0	0	9	6	17	1	0	0	2	1	1
OTU_73	1	0	0	7	6	33	4	17	1	1	0	1	0	2	2	0	0	0	0	0	0	331	10	29	0	0	5	38	62	10	2	0	1	0	1	0
OTU_74	0	0	0	2	4	5	3	2	5	0	2	1	0	1	4	0	0	0	0	0	0	16	15	14	1	1	17	36	42	49	0	0	1	4	0	0
OTU_76	0	0	0	1	4	1	0	4	0	0	0	0	0	0	0	0	0	0	2	0	0	0	0	0	2	0	1	28	26	48	0	0	0	0	2	0
OTU_77	0	0	0	6	3	79	0	0	0	1	0	2	0	0	0	0	0	0	0	2	0	0	0	6	1	0	0	3	20	24	2	4	0	3	1	2
OTU_78	0	0	0	3	12	0	1	1	1	0	0	1	0	5	7	0	0	0	0	0	0	35	20	16	0	0	2	17	10	20	0	1	1	14	12	17
OTU_8	0	0	0	34	6	11	0	2	144	0	1	0	0	0	0	0	0	0	0	0	0	0	9832	1209	0	0	0	20	4	1	0	0	0	0	0	0
OTU_80	0	1	0	8	4	5	4	14	7	4	0	0	3	2	19	2	0	1	2	0	1	0	16	0	9	1	27	45	45	108	1	4	2	20	5	1
OTU_81	0	1	3	0	0	0	97	39	0	0	0	0	1	0	0	2	0	2	0	0	0	0	0	0	4	3	0	17	0	0	0	0	3	0	0	0
OTU_82	0	2	1	13	31	12	20	16	7	7	5	6	3	0	5	2	0	0	2	0	0	8	0	0	15	2	3	6	15	20	2	4	8	30	36	20
OTU_83	0	0	0	10	8	16	14	15	7	0	0	0	4	6	0	0	0	0	1	0	0	1	1	2	1	0	7	3	25	0	0	0	0	5	4	3
OTU_84	0	1	0	0	0	0	65	14	5	1	0	4	1	0	2	0	0	0	0	0	0	6	0	0	0	0	0	13	0	0	0	0	0	0	0	0
OTU_85	0	0	0	10	4	9	4	6	15	1	0	4	6	8	14	0	0	0	1	0	0	8	14	0	0	1	27	14	59	64	1	0	4	2	2	0
OTU_86	0	0	0	13	6	16	16	11	11	1	3	0	4	3	5	0	0	1	1	1	0	16	8	0	5	33	10	56	18	57	4	7	0	15	17	13
OTU_87	0	0	1	1	0	0	16	0	0	11	6	40	1	0	0	2	5	4	0	0	0	6	14	0	17	0	0	1	43	27	4	33	12	6	0	1
OTU_88	0	1	0	3	9	1	19	4	117	0	0	6	8	3	9	0	0	0	0	2	0	22	18	0	0	0	9	24	45	54	4	3	1	1	0	1
OTU_89	0	0	0	6	3	3	23	9	9	1	0	1	1	4	3	0	0	1	340	608	3	2	5	23	11	38	20	69	10	63	0	1	0	7	2	0
OTU_9	0	0	0	1019	1092	166	7	10	4464	7663	697	8874	2	3	0	0	0	0	0	1	1	0	2	0	1	0	0	0	0	0	3231	7149	1656	411	423	392
OTU_90	0	0	0	0	0	0	6	2	0	0	0	0	0	0	0	0	0	0	1	0	0	0	146	212	2	0	0	0	0	8	0	2	0	0	0	0
OTU_91	0	49	1	14	1	3	0	1	4	1	124	7	7	1	2	0	0	0	0	0	0	0	0	0	0	0	0	0	0	0	0	0	0	0	0	0
OTU_92	0	0	0	14	8	1	0	0	44	643	74	363	0	4	2	0	0	0	0	0	0	0	0	0	1	1	0	0	0	0	132	182	145	13	13	10
OTU_93	0	1	0	2	0	4	0	0	0	1	0	0	2	3	3	0	0	0	0	0	0	3	0	0	0	0	8	26	0	0	0	0	0	1	0	0
OTU_95	0	0	0	8	0	0	36	14	0	2	2	4	0	1	0	0	0	0	0	0	0	13	13	0	2	0	0	4	0	0	0	0	0	15	5	15
OTU_96	12	7	6	0	5	5	9	13	4	7	3	6	3	2	6	56	30	30	5	11	11	18	4	6	33	18	9	117	45	58	3	3	0	6	6	5
OTU_99	1	1	1	5	3	5	22	8	0	1	0	18	1	1	0	0	0	0	0	0	0	0	0	1	8	24	17	40	71	8	0	0	2	3	3	0
